idx	label	predict	radius	correct	time
0	3	-1	0.0	0	0:00:27.681616
20	7	-1	0.0	0	0:00:28.043091
40	4	-1	0.0	0	0:00:28.531114
60	7	7	0.68	1	0:00:28.926177
80	8	8	1.16	1	0:00:28.801826
100	4	-1	0.0	0	0:00:28.755473
120	8	8	0.936	1	0:00:28.825976
140	6	-1	0.0	0	0:00:28.830942
160	2	0	0.103	0	0:00:28.785219
180	0	0	0.786	1	0:00:28.755629
200	5	3	0.254	0	0:00:28.774393
220	7	7	1.79	1	0:00:28.787875
240	1	1	2.11	1	0:00:28.769020
260	8	-1	0.0	0	0:00:28.807189
280	9	9	2.44	1	0:00:28.809675
300	6	6	0.18	1	0:00:28.837451
320	3	-1	0.0	0	0:00:28.836842
340	2	4	0.119	0	0:00:28.847793
360	9	-1	0.0	0	0:00:28.887849
380	6	6	0.0692	1	0:00:28.907888
400	9	9	0.996	1	0:00:28.902011
420	4	4	0.391	1	0:00:28.845162
440	1	1	0.922	1	0:00:28.895925
460	5	5	0.72	1	0:00:28.857499
480	8	9	0.504	0	0:00:28.933886
500	4	6	0.258	0	0:00:28.915696
520	5	5	0.211	1	0:00:28.888120
540	1	-1	0.0	0	0:00:28.925344
560	0	0	1.47	1	0:00:28.898833
580	4	4	0.461	1	0:00:28.826853
600	8	8	0.466	1	0:00:28.895764
620	7	-1	0.0	0	0:00:28.952616
640	5	3	1.92	0	0:00:28.899543
660	9	9	2.35	1	0:00:28.847777
680	9	-1	0.0	0	0:00:28.867796
700	7	7	0.313	1	0:00:28.868600
720	4	9	0.163	0	0:00:28.848985
740	2	5	0.208	0	0:00:28.938418
760	3	9	0.0437	0	0:00:28.884596
780	9	9	0.0131	1	0:00:28.891629
800	7	7	2.0	1	0:00:28.900922
820	6	-1	0.0	0	0:00:28.896088
840	7	7	2.9	1	0:00:28.890289
860	4	4	0.977	1	0:00:28.863676
880	8	8	2.73	1	0:00:28.848141
900	2	-1	0.0	0	0:00:28.856284
920	6	6	0.127	1	0:00:28.900476
940	9	9	1.06	1	0:00:28.914433
960	9	9	1.86	1	0:00:28.907322
980	2	6	0.845	0	0:00:28.883404
1000	5	5	2.25	1	0:00:28.923905
1020	1	1	0.724	1	0:00:28.913551
1040	7	5	1.04	0	0:00:28.920711
1060	9	9	1.42	1	0:00:28.882911
1080	6	6	1.11	1	0:00:28.874636
1100	7	8	0.475	0	0:00:28.914739
1120	5	-1	0.0	0	0:00:28.919647
1140	6	6	0.106	1	0:00:28.893991
1160	8	8	0.1	1	0:00:28.906361
1180	3	3	0.664	1	0:00:28.880597
1200	8	8	0.372	1	0:00:28.914536
1220	9	-1	0.0	0	0:00:28.896155
1240	2	6	0.893	0	0:00:28.848526
1260	1	9	0.99	0	0:00:28.908795
1280	3	7	0.509	0	0:00:28.932195
1300	4	3	0.604	0	0:00:28.818327
1320	7	2	0.0427	0	0:00:28.901457
1340	1	1	1.05	1	0:00:28.868246
1360	7	7	0.904	1	0:00:28.834547
1380	4	5	0.868	0	0:00:28.771254
1400	5	-1	0.0	0	0:00:28.793902
1420	4	7	0.0116	0	0:00:28.813335
1440	0	0	0.044	1	0:00:28.832623
1460	6	6	0.525	1	0:00:28.821116
1480	1	-1	0.0	0	0:00:28.812681
1500	1	1	0.337	1	0:00:28.808800
1520	7	7	0.614	1	0:00:28.804302
1540	8	8	0.822	1	0:00:28.800436
1560	7	7	3.04	1	0:00:28.770199
1580	6	1	0.245	0	0:00:28.787055
1600	8	-1	0.0	0	0:00:28.798931
1620	5	-1	0.0	0	0:00:28.789028
1640	7	5	0.219	0	0:00:28.791048
1660	3	-1	0.0	0	0:00:28.809743
1680	6	6	2.02	1	0:00:28.760642
1700	5	2	0.452	0	0:00:28.814805
1720	4	-1	0.0	0	0:00:28.806248
1740	1	-1	0.0	0	0:00:28.826549
1760	0	-1	0.0	0	0:00:28.851192
1780	7	-1	0.0	0	0:00:28.872386
