idx	label	predict	correct	time
0	3	3	1	0:00:00.401387
20	7	7	1	0:00:00.282683
40	4	-1	0	0:00:00.285040
60	7	7	1	0:00:00.287306
80	8	8	1	0:00:00.290109
100	4	4	1	0:00:00.285100
120	8	8	1	0:00:00.285804
140	6	-1	0	0:00:00.291680
160	2	0	0	0:00:00.285098
180	0	0	1	0:00:00.285305
200	5	3	0	0:00:00.288475
220	7	7	1	0:00:00.289537
240	1	1	1	0:00:00.286608
260	8	3	0	0:00:00.285981
280	9	9	1	0:00:00.288509
300	6	6	1	0:00:00.287719
320	3	-1	0	0:00:00.286987
340	2	4	0	0:00:00.288565
360	9	9	1	0:00:00.288039
380	6	6	1	0:00:00.286374
400	9	9	1	0:00:00.286690
420	4	4	1	0:00:00.288393
440	1	1	1	0:00:00.287066
460	5	5	1	0:00:00.287478
480	8	9	0	0:00:00.289039
500	4	6	0	0:00:00.287647
520	5	5	1	0:00:00.287315
540	1	-1	0	0:00:00.288509
560	0	0	1	0:00:00.290092
580	4	4	1	0:00:00.286541
600	8	8	1	0:00:00.287491
620	7	7	1	0:00:00.290354
640	5	3	0	0:00:00.288486
660	9	9	1	0:00:00.287190
680	9	9	1	0:00:00.288122
700	7	7	1	0:00:00.289597
720	4	9	0	0:00:00.287863
740	2	5	0	0:00:00.290402
760	3	9	0	0:00:00.288815
780	9	9	1	0:00:00.289508
800	7	7	1	0:00:00.288353
820	6	-1	0	0:00:00.288341
840	7	7	1	0:00:00.290267
860	4	4	1	0:00:00.287790
880	8	8	1	0:00:00.289678
900	2	6	0	0:00:00.289000
920	6	6	1	0:00:00.288119
940	9	9	1	0:00:00.290504
960	9	9	1	0:00:00.289643
980	2	6	0	0:00:00.290322
1000	5	5	1	0:00:00.289414
1020	1	1	1	0:00:00.291114
1040	7	5	0	0:00:00.290003
1060	9	9	1	0:00:00.290003
1080	6	6	1	0:00:00.290151
1100	7	8	0	0:00:00.290296
1120	5	2	0	0:00:00.290524
1140	6	6	1	0:00:00.289699
1160	8	-1	0	0:00:00.291106
1180	3	3	1	0:00:00.290244
1200	8	8	1	0:00:00.289421
1220	9	6	0	0:00:00.290779
1240	2	6	0	0:00:00.289972
1260	1	9	0	0:00:00.290261
1280	3	7	0	0:00:00.291855
1300	4	3	0	0:00:00.288608
1320	7	2	0	0:00:00.291922
1340	1	1	1	0:00:00.291267
1360	7	7	1	0:00:00.291946
1380	4	5	0	0:00:00.290649
1400	5	-1	0	0:00:00.291101
1420	4	7	0	0:00:00.293097
1440	0	0	1	0:00:00.290483
1460	6	6	1	0:00:00.292130
1480	1	-1	0	0:00:00.292788
1500	1	1	1	0:00:00.293024
1520	7	7	1	0:00:00.292275
1540	8	8	1	0:00:00.290960
1560	7	7	1	0:00:00.293536
1580	6	1	0	0:00:00.290434
1600	8	-1	0	0:00:00.293385
1620	5	-1	0	0:00:00.292193
1640	7	5	0	0:00:00.293281
1660	3	3	1	0:00:00.292840
1680	6	6	1	0:00:00.292214
1700	5	2	0	0:00:00.291309
1720	4	2	0	0:00:00.293190
1740	1	-1	0	0:00:00.293075
1760	0	-1	0	0:00:00.293282
1780	7	7	1	0:00:00.293111
1800	4	8	0	0:00:00.292158
1820	8	8	1	0:00:00.294070
1840	8	9	0	0:00:00.293436
1860	8	8	1	0:00:00.292618
1880	1	1	1	0:00:00.292042
1900	8	8	1	0:00:00.292922
1920	2	2	1	0:00:00.293348
1940	5	3	0	0:00:00.294295
1960	2	5	0	0:00:00.291997
1980	9	9	1	0:00:00.292313
2000	1	6	0	0:00:00.292276
2020	9	9	1	0:00:00.292900
2040	0	8	0	0:00:00.292757
2060	5	5	1	0:00:00.292156
2080	1	1	1	0:00:00.291382
2100	2	4	0	0:00:00.293815
2120	4	8	0	0:00:00.292289
2140	9	9	1	0:00:00.293270
2160	0	8	0	0:00:00.291502
2180	4	4	1	0:00:00.292085
2200	0	0	1	0:00:00.291308
2220	1	1	1	0:00:00.292198
2240	9	9	1	0:00:00.291030
2260	4	-1	0	0:00:00.290926
2280	4	8	0	0:00:00.293105
2300	3	6	0	0:00:00.290825
2320	5	-1	0	0:00:00.292694
2340	7	7	1	0:00:00.291147
2360	7	7	1	0:00:00.291789
2380	8	8	1	0:00:00.293354
2400	0	0	1	0:00:00.290853
2420	8	1	0	0:00:00.290488
2440	7	7	1	0:00:00.291462
2460	9	9	1	0:00:00.290986
2480	8	8	1	0:00:00.291172
2500	4	2	0	0:00:00.290706
2520	1	1	1	0:00:00.291527
2540	2	3	0	0:00:00.291166
2560	7	7	1	0:00:00.290699
2580	6	-1	0	0:00:00.290901
2600	8	8	1	0:00:00.290341
2620	1	1	1	0:00:00.290950
2640	7	7	1	0:00:00.290179
2660	3	-1	0	0:00:00.290188
2680	0	0	1	0:00:00.289960
2700	9	-1	0	0:00:00.291408
2720	3	2	0	0:00:00.290149
2740	1	1	1	0:00:00.289208
2760	2	2	1	0:00:00.291420
2780	7	7	1	0:00:00.290817
2800	4	6	0	0:00:00.290385
2820	6	6	1	0:00:00.289659
2840	3	3	1	0:00:00.290773
2860	5	-1	0	0:00:00.289811
2880	4	4	1	0:00:00.289748
2900	3	-1	0	0:00:00.290944
2920	2	2	1	0:00:00.289475
2940	3	0	0	0:00:00.290443
2960	9	9	1	0:00:00.290152
2980	8	-1	0	0:00:00.290184
3000	5	5	1	0:00:00.289670
3020	1	1	1	0:00:00.288786
3040	7	7	1	0:00:00.291358
3060	7	7	1	0:00:00.290378
3080	1	7	0	0:00:00.290763
3100	0	0	1	0:00:00.291332
3120	4	6	0	0:00:00.289747
3140	8	8	1	0:00:00.290763
3160	6	4	0	0:00:00.288374
3180	3	-1	0	0:00:00.291137
3200	5	7	0	0:00:00.289708
3220	3	3	1	0:00:00.289673
3240	4	-1	0	0:00:00.290152
3260	7	-1	0	0:00:00.290991
3280	3	5	0	0:00:00.287796
3300	4	-1	0	0:00:00.289368
3320	2	7	0	0:00:00.291885
3340	6	6	1	0:00:00.289512
3360	4	6	0	0:00:00.289089
3380	8	8	1	0:00:00.290344
3400	6	4	0	0:00:00.288502
3420	5	-1	0	0:00:00.288115
3440	2	9	0	0:00:00.290084
3460	1	1	1	0:00:00.290467
3480	2	2	1	0:00:00.288298
3500	1	1	1	0:00:00.289766
3520	1	1	1	0:00:00.288139
3540	6	6	1	0:00:00.288661
3560	1	9	0	0:00:00.287907
3580	4	1	0	0:00:00.288981
3600	4	2	0	0:00:00.291856
3620	0	-1	0	0:00:00.287427
3640	6	2	0	0:00:00.288524
3660	0	8	0	0:00:00.289289
3680	0	2	0	0:00:00.287890
3700	3	-1	0	0:00:00.288628
3720	2	2	1	0:00:00.290351
3740	0	0	1	0:00:00.287976
3760	7	7	1	0:00:00.288283
3780	4	-1	0	0:00:00.288901
3800	9	9	1	0:00:00.290441
3820	0	0	1	0:00:00.288842
3840	6	3	0	0:00:00.286938
3860	7	7	1	0:00:00.287990
3880	6	4	0	0:00:00.288369
3900	3	3	1	0:00:00.288766
3920	7	9	0	0:00:00.287915
3940	6	6	1	0:00:00.289223
3960	2	2	1	0:00:00.288620
3980	9	7	0	0:00:00.288380
4000	8	-1	0	0:00:00.289229
4020	8	1	0	0:00:00.286487
4040	0	0	1	0:00:00.289045
4060	6	3	0	0:00:00.287489
4080	1	-1	0	0:00:00.287002
4100	7	7	1	0:00:00.289761
4120	4	0	0	0:00:00.286871
4140	5	3	0	0:00:00.289168
4160	5	2	0	0:00:00.287339
4180	0	0	1	0:00:00.288173
4200	4	-1	0	0:00:00.288240
4220	4	0	0	0:00:00.287743
4240	7	0	0	0:00:00.287680
4260	8	8	1	0:00:00.287187
4280	8	8	1	0:00:00.288247
4300	8	8	1	0:00:00.288315
4320	1	8	0	0:00:00.287711
4340	0	0	1	0:00:00.288118
4360	6	6	1	0:00:00.289200
4380	9	9	1	0:00:00.287115
4400	3	4	0	0:00:00.287858
4420	5	8	0	0:00:00.288071
4440	2	2	1	0:00:00.289160
4460	9	1	0	0:00:00.288297
4480	9	9	1	0:00:00.288329
4500	3	3	1	0:00:00.288681
4520	3	6	0	0:00:00.288077
4540	9	9	1	0:00:00.288312
4560	1	1	1	0:00:00.287347
4580	6	-1	0	0:00:00.288377
4600	4	7	0	0:00:00.288409
4620	7	3	0	0:00:00.287863
4640	2	-1	0	0:00:00.287920
4660	7	4	0	0:00:00.287860
4680	9	1	0	0:00:00.289292
4700	6	1	0	0:00:00.289342
4720	8	-1	0	0:00:00.287099
4740	5	3	0	0:00:00.288466
4760	3	3	1	0:00:00.287800
4780	0	0	1	0:00:00.287821
4800	9	9	1	0:00:00.288003
4820	3	5	0	0:00:00.288365
4840	0	0	1	0:00:00.287649
4860	5	5	1	0:00:00.288346
4880	0	2	0	0:00:00.287983
4900	3	6	0	0:00:00.288977
4920	7	7	1	0:00:00.287158
4940	6	6	1	0:00:00.288073
4960	4	-1	0	0:00:00.288571
4980	1	9	0	0:00:00.286762
5000	7	7	1	0:00:00.287717
5020	8	8	1	0:00:00.288558
5040	3	3	1	0:00:00.288360
5060	6	6	1	0:00:00.286527
5080	7	7	1	0:00:00.287373
5100	3	3	1	0:00:00.289169
5120	9	9	1	0:00:00.286151
5140	8	8	1	0:00:00.286689
5160	0	0	1	0:00:00.288476
5180	9	7	0	0:00:00.288040
5200	3	3	1	0:00:00.286953
5220	0	0	1	0:00:00.288792
5240	1	9	0	0:00:00.290739
5260	0	0	1	0:00:00.285786
5280	0	8	0	0:00:00.289104
5300	9	9	1	0:00:00.290578
5320	7	7	1	0:00:00.289341
5340	3	4	0	0:00:00.286931
5360	9	9	1	0:00:00.289130
5380	1	9	0	0:00:00.290751
5400	9	9	1	0:00:00.288392
5420	6	6	1	0:00:00.287386
5440	9	9	1	0:00:00.290773
5460	0	7	0	0:00:00.288331
5480	1	1	1	0:00:00.288778
5500	8	1	0	0:00:00.287063
5520	4	3	0	0:00:00.288920
5540	5	6	0	0:00:00.288795
5560	3	6	0	0:00:00.288918
5580	5	6	0	0:00:00.289707
5600	6	-1	0	0:00:00.287868
5620	3	2	0	0:00:00.288124
5640	2	-1	0	0:00:00.289858
5660	9	9	1	0:00:00.288157
5680	2	3	0	0:00:00.288497
5700	3	3	1	0:00:00.288797
5720	9	9	1	0:00:00.289921
5740	6	4	0	0:00:00.286853
5760	2	2	1	0:00:00.288283
5780	7	7	1	0:00:00.289864
5800	2	-1	0	0:00:00.288317
5820	5	-1	0	0:00:00.287511
5840	2	2	1	0:00:00.287241
5860	0	-1	0	0:00:00.290921
5880	0	0	1	0:00:00.288839
5900	4	4	1	0:00:00.289172
5920	8	8	1	0:00:00.289622
5940	7	4	0	0:00:00.288356
5960	2	4	0	0:00:00.289461
5980	9	9	1	0:00:00.287683
6000	8	9	0	0:00:00.289500
6020	6	6	1	0:00:00.289665
6040	2	7	0	0:00:00.288516
6060	3	-1	0	0:00:00.288203
6080	1	9	0	0:00:00.288807
6100	1	1	1	0:00:00.289166
6120	5	5	1	0:00:00.288231
6140	9	9	1	0:00:00.287947
6160	2	5	0	0:00:00.290015
6180	0	9	0	0:00:00.288033
6200	3	3	1	0:00:00.288269
6220	2	6	0	0:00:00.286073
6240	2	-1	0	0:00:00.291398
6260	2	9	0	0:00:00.289568
6280	8	5	0	0:00:00.287231
6300	1	7	0	0:00:00.289411
6320	0	0	1	0:00:00.289293
6340	3	3	1	0:00:00.288204
6360	2	2	1	0:00:00.288719
6380	3	6	0	0:00:00.289137
6400	0	1	0	0:00:00.288080
6420	7	7	1	0:00:00.288892
6440	3	9	0	0:00:00.288622
6460	3	1	0	0:00:00.287937
6480	0	0	1	0:00:00.288635
6500	7	-1	0	0:00:00.290128
6520	6	4	0	0:00:00.288128
6540	8	8	1	0:00:00.289164
6560	6	6	1	0:00:00.288909
6580	1	1	1	0:00:00.288408
6600	7	7	1	0:00:00.289471
6620	7	7	1	0:00:00.288853
6640	5	3	0	0:00:00.287743
6660	0	0	1	0:00:00.288238
6680	3	5	0	0:00:00.290484
6700	6	6	1	0:00:00.290062
6720	2	2	1	0:00:00.287238
6740	2	-1	0	0:00:00.289229
6760	5	5	1	0:00:00.291745
6780	7	7	1	0:00:00.287862
6800	6	6	1	0:00:00.288558
6820	1	1	1	0:00:00.288604
6840	9	9	1	0:00:00.289873
6860	0	0	1	0:00:00.289556
6880	2	7	0	0:00:00.288374
6900	3	7	0	0:00:00.290552
6920	5	2	0	0:00:00.289442
6940	1	1	1	0:00:00.288804
6960	9	8	0	0:00:00.289660
6980	0	9	0	0:00:00.289313
7000	2	-1	0	0:00:00.288411
7020	7	7	1	0:00:00.290035
7040	7	8	0	0:00:00.290590
7060	8	8	1	0:00:00.287873
7080	5	4	0	0:00:00.289388
7100	9	3	0	0:00:00.289366
7120	7	7	1	0:00:00.289843
7140	4	4	1	0:00:00.289274
7160	5	-1	0	0:00:00.290451
7180	6	6	1	0:00:00.288834
7200	4	6	0	0:00:00.289788
7220	9	9	1	0:00:00.289935
7240	0	8	0	0:00:00.289411
7260	1	-1	0	0:00:00.288628
7280	1	1	1	0:00:00.289927
7300	3	7	0	0:00:00.290658
7320	8	-1	0	0:00:00.289719
7340	2	4	0	0:00:00.288828
7360	2	4	0	0:00:00.289159
7380	7	7	1	0:00:00.289688
7400	3	3	1	0:00:00.289481
7420	3	0	0	0:00:00.289647
7440	3	3	1	0:00:00.290757
7460	5	5	1	0:00:00.290179
7480	1	8	0	0:00:00.288327
7500	6	6	1	0:00:00.289901
7520	4	4	1	0:00:00.290183
7540	5	5	1	0:00:00.290370
7560	0	-1	0	0:00:00.289792
7580	8	8	1	0:00:00.288752
7600	8	9	0	0:00:00.289823
7620	5	3	0	0:00:00.290882
7640	9	9	1	0:00:00.288902
7660	7	7	1	0:00:00.289753
7680	3	-1	0	0:00:00.291229
7700	6	6	1	0:00:00.288524
7720	5	5	1	0:00:00.289051
7740	4	-1	0	0:00:00.290638
7760	2	9	0	0:00:00.289074
7780	3	1	0	0:00:00.290093
7800	0	0	1	0:00:00.290420
7820	5	8	0	0:00:00.290596
7840	1	1	1	0:00:00.289053
7860	8	1	0	0:00:00.290687
7880	0	0	1	0:00:00.288397
7900	0	8	0	0:00:00.288053
7920	9	8	0	0:00:00.289192
7940	2	6	0	0:00:00.290830
7960	0	0	1	0:00:00.288142
7980	3	3	1	0:00:00.289135
8000	9	9	1	0:00:00.291782
8020	6	3	0	0:00:00.289833
8040	2	2	1	0:00:00.288233
8060	6	6	1	0:00:00.290512
8080	4	6	0	0:00:00.290705
8100	6	-1	0	0:00:00.289910
8120	8	9	0	0:00:00.289469
8140	5	4	0	0:00:00.289028
8160	6	6	1	0:00:00.290594
8180	4	4	1	0:00:00.289748
8200	3	6	0	0:00:00.290007
8220	6	6	1	0:00:00.291264
8240	7	7	1	0:00:00.288540
8260	1	1	1	0:00:00.288895
8280	4	5	0	0:00:00.290534
8300	5	2	0	0:00:00.289572
8320	7	-1	0	0:00:00.289087
8340	5	3	0	0:00:00.289554
8360	7	7	1	0:00:00.290090
8380	9	9	1	0:00:00.289312
8400	0	0	1	0:00:00.289516
8420	3	6	0	0:00:00.289707
8440	5	-1	0	0:00:00.290657
8460	8	8	1	0:00:00.289437
8480	2	2	1	0:00:00.289646
8500	4	4	1	0:00:00.289693
8520	8	1	0	0:00:00.289493
8540	4	-1	0	0:00:00.290498
8560	7	7	1	0:00:00.289356
8580	3	0	0	0:00:00.290911
8600	3	3	1	0:00:00.289627
8620	3	-1	0	0:00:00.288204
8640	1	1	1	0:00:00.290311
8660	7	7	1	0:00:00.290977
8680	3	9	0	0:00:00.289292
8700	3	3	1	0:00:00.290459
8720	2	0	0	0:00:00.290291
8740	2	2	1	0:00:00.288232
8760	8	8	1	0:00:00.290412
8780	4	4	1	0:00:00.289119
8800	0	0	1	0:00:00.288630
8820	2	2	1	0:00:00.289288
8840	2	1	0	0:00:00.289156
8860	2	2	1	0:00:00.290821
8880	1	1	1	0:00:00.287826
8900	2	-1	0	0:00:00.290886
8920	6	6	1	0:00:00.290756
8940	6	3	0	0:00:00.290255
8960	0	0	1	0:00:00.287864
8980	9	9	1	0:00:00.289780
9000	8	8	1	0:00:00.289693
9020	7	9	0	0:00:00.289992
9040	2	5	0	0:00:00.290206
9060	9	5	0	0:00:00.290295
9080	3	3	1	0:00:00.289015
9100	9	6	0	0:00:00.288484
9120	3	3	1	0:00:00.290132
9140	7	7	1	0:00:00.288749
9160	5	5	1	0:00:00.289235
9180	5	5	1	0:00:00.288819
9200	8	8	1	0:00:00.288867
9220	8	8	1	0:00:00.288649
9240	8	8	1	0:00:00.288059
9260	5	5	1	0:00:00.289831
9280	9	1	0	0:00:00.289155
9300	5	3	0	0:00:00.289415
9320	9	9	1	0:00:00.289091
9340	1	1	1	0:00:00.290302
9360	5	-1	0	0:00:00.288173
9380	5	3	0	0:00:00.289348
9400	6	6	1	0:00:00.289994
9420	5	5	1	0:00:00.289403
9440	8	8	1	0:00:00.288873
9460	3	7	0	0:00:00.290166
9480	2	4	0	0:00:00.288827
9500	9	-1	0	0:00:00.289105
9520	1	1	1	0:00:00.287451
9540	5	5	1	0:00:00.289898
9560	9	7	0	0:00:00.289389
9580	1	-1	0	0:00:00.288632
9600	8	8	1	0:00:00.289983
9620	4	7	0	0:00:00.288873
9640	5	0	0	0:00:00.289449
9660	6	6	1	0:00:00.288554
9680	8	8	1	0:00:00.288786
9700	0	0	1	0:00:00.290772
9720	8	-1	0	0:00:00.287092
9740	3	6	0	0:00:00.289482
9760	9	9	1	0:00:00.289510
9780	4	6	0	0:00:00.287715
9800	1	1	1	0:00:00.287965
9820	0	8	0	0:00:00.288836
9840	4	5	0	0:00:00.289813
9860	0	-1	0	0:00:00.289338
9880	7	7	1	0:00:00.289293
9900	8	0	0	0:00:00.289674
9920	6	6	1	0:00:00.290604
9940	4	-1	0	0:00:00.288169
9960	2	0	0	0:00:00.289742
9980	0	0	1	0:00:00.288840
