idx	label	predict	radius	correct	time
0	3	-1	0.0	0	0:00:27.644441
20	7	7	0.0737	1	0:00:28.300064
40	4	4	0.399	1	0:00:29.304370
60	7	7	0.457	1	0:00:28.749350
80	8	8	0.457	1	0:00:28.799234
100	4	4	0.126	1	0:00:28.690530
120	8	8	0.289	1	0:00:28.731788
140	6	6	0.175	1	0:00:28.806459
160	2	2	0.164	1	0:00:28.770871
180	0	0	0.457	1	0:00:28.730290
200	5	-1	0.0	0	0:00:28.730652
220	7	7	0.359	1	0:00:28.731147
240	1	1	0.457	1	0:00:28.716324
260	8	8	0.457	1	0:00:28.711818
280	9	9	0.367	1	0:00:28.712808
300	6	6	0.457	1	0:00:28.691020
320	3	3	0.23	1	0:00:28.708722
340	2	2	0.269	1	0:00:28.709814
360	9	9	0.457	1	0:00:28.713934
380	6	6	0.174	1	0:00:28.677266
400	9	9	0.457	1	0:00:28.695411
420	4	4	0.438	1	0:00:28.661131
440	1	1	0.457	1	0:00:28.692693
460	5	5	0.457	1	0:00:28.726820
480	8	8	0.0673	1	0:00:28.734069
500	4	-1	0.0	0	0:00:28.726784
520	5	5	0.301	1	0:00:28.797506
540	1	1	0.457	1	0:00:28.775466
560	0	0	0.457	1	0:00:28.760805
580	4	4	0.438	1	0:00:28.730147
600	8	8	0.384	1	0:00:28.721168
620	7	7	0.457	1	0:00:28.706676
640	5	3	0.162	0	0:00:28.682068
660	9	9	0.307	1	0:00:28.699259
680	9	9	0.154	1	0:00:28.695933
700	7	7	0.457	1	0:00:28.673709
720	4	4	0.267	1	0:00:28.672810
740	2	2	0.259	1	0:00:28.706222
760	3	3	0.293	1	0:00:28.693150
780	9	9	0.457	1	0:00:28.687511
800	7	7	0.457	1	0:00:28.684921
820	6	2	0.0252	0	0:00:28.714968
840	7	7	0.457	1	0:00:28.719354
860	4	4	0.234	1	0:00:28.707134
880	8	8	0.449	1	0:00:28.718251
900	2	6	0.00134	0	0:00:28.768490
920	6	6	0.261	1	0:00:28.753533
940	9	9	0.457	1	0:00:28.737013
960	9	9	0.431	1	0:00:28.707292
980	2	2	0.245	1	0:00:28.692664
1000	5	5	0.457	1	0:00:28.720340
1020	1	1	0.457	1	0:00:28.732375
1040	7	2	0.0129	0	0:00:28.741913
1060	9	9	0.457	1	0:00:28.717915
1080	6	6	0.389	1	0:00:28.691429
1100	7	7	0.0436	1	0:00:28.744973
1120	5	5	0.111	1	0:00:28.709277
1140	6	6	0.245	1	0:00:28.668938
1160	8	8	0.457	1	0:00:28.714649
1180	3	3	0.428	1	0:00:28.667699
1200	8	8	0.404	1	0:00:28.713219
1220	9	6	0.153	0	0:00:28.686579
1240	2	2	0.0113	1	0:00:28.664012
1260	1	9	0.0053	0	0:00:28.691822
1280	3	3	0.271	1	0:00:28.717406
1300	4	3	0.0215	0	0:00:28.648022
1320	7	7	0.431	1	0:00:28.685070
1340	1	1	0.457	1	0:00:28.685873
1360	7	7	0.431	1	0:00:28.700272
1380	4	-1	0.0	0	0:00:28.694304
1400	5	5	0.175	1	0:00:28.691000
1420	4	7	0.0301	0	0:00:28.697147
1440	0	2	0.0292	0	0:00:28.698124
1460	6	6	0.457	1	0:00:28.701053
1480	1	1	0.0504	1	0:00:28.720704
1500	1	1	0.438	1	0:00:28.701207
1520	7	7	0.457	1	0:00:28.672624
1540	8	8	0.457	1	0:00:28.683913
1560	7	7	0.457	1	0:00:28.714450
1580	6	6	0.0169	1	0:00:28.695093
1600	8	8	0.0255	1	0:00:28.687716
1620	5	3	0.147	0	0:00:28.692025
1640	7	7	0.323	1	0:00:28.707368
1660	3	3	0.457	1	0:00:28.694932
1680	6	6	0.289	1	0:00:28.662969
1700	5	5	0.221	1	0:00:28.711370
1720	4	4	0.293	1	0:00:28.699590
1740	1	1	0.438	1	0:00:28.672292
1760	0	0	0.449	1	0:00:28.660925
1780	7	7	0.247	1	0:00:28.682804
1800	4	4	0.034	1	0:00:28.687397
1820	8	8	0.412	1	0:00:28.708753
1840	8	8	0.0495	1	0:00:28.671225
1860	8	8	0.329	1	0:00:28.693221
1880	1	1	0.457	1	0:00:28.735736
1900	8	8	0.457	1	0:00:28.711938
1920	2	2	0.457	1	0:00:28.755983
1940	5	5	0.449	1	0:00:28.775358
1960	2	5	0.0317	0	0:00:28.764579
1980	9	9	0.419	1	0:00:28.769620
2000	1	1	0.443	1	0:00:28.765581
2020	9	9	0.457	1	0:00:28.775824
