idx	label	predict	radius	correct	time
0	3	3	0.377	1	0:00:27.417237
20	7	-1	0.0	0	0:00:27.811557
40	4	4	0.337	1	0:00:28.335958
60	7	7	0.905	1	0:00:28.702356
80	8	8	0.738	1	0:00:28.792356
100	4	-1	0.0	0	0:00:28.652055
120	8	8	0.161	1	0:00:28.679587
140	6	6	0.204	1	0:00:28.763402
160	2	2	0.55	1	0:00:28.746346
180	0	0	0.556	1	0:00:28.718910
200	5	5	0.312	1	0:00:28.738488
220	7	7	0.13	1	0:00:28.730304
240	1	1	0.953	1	0:00:28.765768
260	8	8	0.566	1	0:00:28.719460
280	9	9	0.28	1	0:00:28.720689
300	6	6	0.953	1	0:00:28.716383
320	3	3	0.226	1	0:00:28.683747
340	2	4	0.153	0	0:00:28.672358
360	9	9	0.607	1	0:00:28.697535
380	6	6	0.445	1	0:00:28.710352
400	9	9	0.741	1	0:00:28.731183
420	4	4	0.696	1	0:00:28.741190
440	1	1	0.693	1	0:00:28.781420
460	5	5	0.613	1	0:00:28.771203
480	8	9	0.211	0	0:00:28.743719
500	4	-1	0.0	0	0:00:28.757117
520	5	5	0.615	1	0:00:28.772768
540	1	1	0.725	1	0:00:28.741207
560	0	0	0.953	1	0:00:28.713362
580	4	4	0.312	1	0:00:28.765820
600	8	8	0.462	1	0:00:28.759701
620	7	7	0.821	1	0:00:28.750206
640	5	3	0.694	0	0:00:28.785141
660	9	9	0.409	1	0:00:28.753706
680	9	9	0.438	1	0:00:28.753928
700	7	7	0.953	1	0:00:28.727405
720	4	4	0.23	1	0:00:28.726865
740	2	5	0.506	0	0:00:28.766996
760	3	3	0.234	1	0:00:28.755471
780	9	9	0.873	1	0:00:28.730009
800	7	7	0.953	1	0:00:28.741074
820	6	6	0.25	1	0:00:28.743480
840	7	7	0.953	1	0:00:28.772577
860	4	4	0.0798	1	0:00:28.742361
880	8	8	0.869	1	0:00:28.680547
900	2	6	0.0321	0	0:00:28.727690
920	6	6	0.418	1	0:00:28.709090
940	9	9	0.756	1	0:00:28.723131
960	9	9	0.243	1	0:00:28.686176
980	2	2	0.0548	1	0:00:28.707105
1000	5	5	0.953	1	0:00:28.722074
1020	1	1	0.886	1	0:00:28.743510
1040	7	5	0.169	0	0:00:28.760496
1060	9	9	0.953	1	0:00:28.720292
1080	6	6	0.406	1	0:00:28.715898
1100	7	0	0.0622	0	0:00:28.702712
1120	5	2	0.0403	0	0:00:28.705829
1140	6	6	0.256	1	0:00:28.681790
1160	8	8	0.62	1	0:00:28.683178
1180	3	3	0.558	1	0:00:28.690908
1200	8	8	0.518	1	0:00:28.689961
1220	9	6	0.059	0	0:00:28.684862
1240	2	6	0.193	0	0:00:28.699054
1260	1	-1	0.0	0	0:00:28.692242
1280	3	3	0.301	1	0:00:28.698667
1300	4	3	0.347	0	0:00:28.671603
1320	7	7	0.505	1	0:00:28.679067
1340	1	1	0.633	1	0:00:28.666260
1360	7	7	0.32	1	0:00:28.700535
1380	4	4	0.1	1	0:00:28.655733
1400	5	3	0.00972	0	0:00:28.659095
1420	4	4	0.165	1	0:00:28.679795
1440	0	0	0.324	1	0:00:28.695237
1460	6	6	0.829	1	0:00:28.684398
1480	1	1	0.26	1	0:00:28.698403
1500	1	1	0.721	1	0:00:28.684678
1520	7	7	0.514	1	0:00:28.666351
1540	8	8	0.862	1	0:00:28.669490
1560	7	7	0.953	1	0:00:28.698546
1580	6	-1	0.0	0	0:00:28.673777
1600	8	-1	0.0	0	0:00:28.670973
1620	5	-1	0.0	0	0:00:28.665738
1640	7	-1	0.0	0	0:00:28.768863
1660	3	3	0.368	1	0:00:28.709681
1680	6	6	0.475	1	0:00:28.692365
1700	5	5	0.0634	1	0:00:28.686051
1720	4	4	0.577	1	0:00:28.673291
1740	1	1	0.476	1	0:00:28.659711
1760	0	0	0.677	1	0:00:28.660046
1780	7	7	0.653	1	0:00:28.690641
1800	4	4	0.441	1	0:00:28.673756
1820	8	8	0.786	1	0:00:28.706673
1840	8	-1	0.0	0	0:00:28.708617
1860	8	8	0.953	1	0:00:28.698471
1880	1	1	0.953	1	0:00:28.699367
1900	8	8	0.953	1	0:00:28.643883
1920	2	2	0.953	1	0:00:28.689460
1940	5	5	0.265	1	0:00:28.706225
1960	2	2	0.0203	1	0:00:28.700898
1980	9	9	0.721	1	0:00:28.694643
2000	1	1	0.729	1	0:00:28.704489
2020	9	9	0.953	1	0:00:28.705464
2040	0	0	0.881	1	0:00:28.681408
2060	5	3	0.536	0	0:00:28.721366
2080	1	9	0.137	0	0:00:28.692365
2100	2	2	0.482	1	0:00:28.698235
2120	4	8	0.0919	0	0:00:28.700618
2140	9	9	0.953	1	0:00:28.697408
2160	0	0	0.4	1	0:00:28.653815
2180	4	4	0.561	1	0:00:28.671227
2200	0	0	0.225	1	0:00:28.641804
2220	1	1	0.953	1	0:00:28.678184
2240	9	9	0.265	1	0:00:28.693605
2260	4	4	0.67	1	0:00:28.705918
2280	4	4	0.145	1	0:00:28.707551
2300	3	3	0.0199	1	0:00:28.706975
2320	5	2	0.65	0	0:00:28.740337
2340	7	7	0.953	1	0:00:28.693792
2360	7	7	0.0168	1	0:00:28.734058
2380	8	8	0.715	1	0:00:28.673890
