idx	label	predict	correct	time
0	3	-1	0	0:00:00.407897
20	7	7	1	0:00:00.280801
40	4	4	1	0:00:00.282435
60	7	7	1	0:00:00.285916
80	8	8	1	0:00:00.283974
100	4	4	1	0:00:00.282699
120	8	8	1	0:00:00.282562
140	6	6	1	0:00:00.286843
160	2	2	1	0:00:00.284069
180	0	0	1	0:00:00.283184
200	5	-1	0	0:00:00.284633
220	7	7	1	0:00:00.284169
240	1	1	1	0:00:00.285027
260	8	8	1	0:00:00.284497
280	9	9	1	0:00:00.285453
300	6	6	1	0:00:00.285905
320	3	3	1	0:00:00.284245
340	2	2	1	0:00:00.285893
360	9	9	1	0:00:00.285116
380	6	6	1	0:00:00.285837
400	9	9	1	0:00:00.285176
420	4	4	1	0:00:00.285924
440	1	1	1	0:00:00.286705
460	5	5	1	0:00:00.284917
480	8	8	1	0:00:00.286859
500	4	-1	0	0:00:00.286924
520	5	5	1	0:00:00.286001
540	1	1	1	0:00:00.287240
560	0	0	1	0:00:00.287964
580	4	4	1	0:00:00.286682
600	8	8	1	0:00:00.285147
620	7	7	1	0:00:00.287293
640	5	3	0	0:00:00.288265
660	9	9	1	0:00:00.286467
680	9	9	1	0:00:00.286994
700	7	7	1	0:00:00.288162
720	4	4	1	0:00:00.287673
740	2	2	1	0:00:00.287154
760	3	3	1	0:00:00.287879
780	9	9	1	0:00:00.287807
800	7	7	1	0:00:00.288963
820	6	2	0	0:00:00.289049
840	7	7	1	0:00:00.288405
860	4	4	1	0:00:00.287351
880	8	8	1	0:00:00.287819
900	2	-1	0	0:00:00.288428
920	6	6	1	0:00:00.288614
940	9	9	1	0:00:00.288850
960	9	9	1	0:00:00.290157
980	2	2	1	0:00:00.289693
1000	5	5	1	0:00:00.289459
1020	1	1	1	0:00:00.288736
1040	7	2	0	0:00:00.290138
1060	9	9	1	0:00:00.289399
1080	6	6	1	0:00:00.288153
1100	7	7	1	0:00:00.289347
1120	5	5	1	0:00:00.289376
1140	6	6	1	0:00:00.289132
1160	8	8	1	0:00:00.288821
1180	3	3	1	0:00:00.290130
1200	8	8	1	0:00:00.289939
1220	9	6	0	0:00:00.289361
1240	2	-1	0	0:00:00.289292
1260	1	-1	0	0:00:00.290049
1280	3	3	1	0:00:00.290827
1300	4	3	0	0:00:00.290236
1320	7	7	1	0:00:00.289181
1340	1	1	1	0:00:00.288824
1360	7	7	1	0:00:00.290653
1380	4	5	0	0:00:00.291088
1400	5	5	1	0:00:00.291305
1420	4	7	0	0:00:00.292242
1440	0	2	0	0:00:00.290447
1460	6	6	1	0:00:00.292084
1480	1	1	1	0:00:00.291483
1500	1	1	1	0:00:00.290061
1520	7	7	1	0:00:00.292325
1540	8	8	1	0:00:00.291862
1560	7	7	1	0:00:00.292138
1580	6	6	1	0:00:00.292740
1600	8	8	1	0:00:00.290664
1620	5	3	0	0:00:00.292423
1640	7	7	1	0:00:00.292701
1660	3	3	1	0:00:00.291671
1680	6	6	1	0:00:00.290972
1700	5	5	1	0:00:00.292173
1720	4	4	1	0:00:00.292282
1740	1	1	1	0:00:00.292839
1760	0	0	1	0:00:00.291327
1780	7	7	1	0:00:00.293262
1800	4	4	1	0:00:00.295023
1820	8	8	1	0:00:00.291560
1840	8	8	1	0:00:00.292656
1860	8	8	1	0:00:00.293280
1880	1	1	1	0:00:00.294062
1900	8	8	1	0:00:00.293303
1920	2	2	1	0:00:00.294227
1940	5	5	1	0:00:00.294644
1960	2	5	0	0:00:00.293015
1980	9	9	1	0:00:00.294349
2000	1	1	1	0:00:00.292928
2020	9	9	1	0:00:00.293563
2040	0	0	1	0:00:00.293158
2060	5	3	0	0:00:00.296410
2080	1	1	1	0:00:00.299186
2100	2	2	1	0:00:00.293482
2120	4	4	1	0:00:00.294794
2140	9	9	1	0:00:00.295312
2160	0	0	1	0:00:00.293435
2180	4	4	1	0:00:00.293003
2200	0	0	1	0:00:00.296035
2220	1	1	1	0:00:00.291988
2240	9	9	1	0:00:00.295298
2260	4	4	1	0:00:00.293632
2280	4	4	1	0:00:00.294526
2300	3	8	0	0:00:00.292264
2320	5	3	0	0:00:00.295422
2340	7	7	1	0:00:00.295738
2360	7	7	1	0:00:00.292874
2380	8	8	1	0:00:00.293741
2400	0	0	1	0:00:00.294005
2420	8	7	0	0:00:00.293696
2440	7	7	1	0:00:00.295720
2460	9	9	1	0:00:00.293573
2480	8	8	1	0:00:00.293487
2500	4	4	1	0:00:00.294639
2520	1	1	1	0:00:00.293294
2540	2	3	0	0:00:00.294219
2560	7	7	1	0:00:00.294016
2580	6	-1	0	0:00:00.293025
2600	8	8	1	0:00:00.291796
2620	1	1	1	0:00:00.295567
2640	7	7	1	0:00:00.293015
2660	3	3	1	0:00:00.293117
2680	0	0	1	0:00:00.290760
2700	9	9	1	0:00:00.294625
2720	3	3	1	0:00:00.292014
2740	1	1	1	0:00:00.291967
2760	2	2	1	0:00:00.292795
2780	7	7	1	0:00:00.291635
2800	4	4	1	0:00:00.291136
2820	6	6	1	0:00:00.291207
2840	3	3	1	0:00:00.292017
2860	5	4	0	0:00:00.290854
2880	4	4	1	0:00:00.289842
2900	3	2	0	0:00:00.292415
2920	2	2	1	0:00:00.291012
2940	3	0	0	0:00:00.290185
2960	9	0	0	0:00:00.291462
2980	8	8	1	0:00:00.290235
3000	5	5	1	0:00:00.289955
3020	1	1	1	0:00:00.289978
3040	7	7	1	0:00:00.289845
3060	7	7	1	0:00:00.290316
3080	1	1	1	0:00:00.290793
3100	0	0	1	0:00:00.291766
3120	4	4	1	0:00:00.290367
3140	8	8	1	0:00:00.289520
3160	6	2	0	0:00:00.290967
3180	3	6	0	0:00:00.290712
3200	5	5	1	0:00:00.289437
3220	3	9	0	0:00:00.289861
3240	4	4	1	0:00:00.290443
3260	7	7	1	0:00:00.289885
3280	3	3	1	0:00:00.288741
3300	4	4	1	0:00:00.290346
3320	2	0	0	0:00:00.289849
3340	6	6	1	0:00:00.288520
3360	4	4	1	0:00:00.290514
3380	8	8	1	0:00:00.289718
3400	6	4	0	0:00:00.289154
3420	5	-1	0	0:00:00.290347
3440	2	3	0	0:00:00.290244
3460	1	1	1	0:00:00.289708
3480	2	2	1	0:00:00.289310
3500	1	1	1	0:00:00.289536
3520	1	1	1	0:00:00.289480
3540	6	6	1	0:00:00.288262
3560	1	9	0	0:00:00.289901
3580	4	4	1	0:00:00.287965
3600	4	2	0	0:00:00.289112
3620	0	0	1	0:00:00.288424
3640	6	6	1	0:00:00.288461
3660	0	0	1	0:00:00.288280
3680	0	0	1	0:00:00.289740
3700	3	3	1	0:00:00.288518
3720	2	2	1	0:00:00.288273
3740	0	0	1	0:00:00.287983
3760	7	7	1	0:00:00.288177
3780	4	4	1	0:00:00.287424
3800	9	9	1	0:00:00.288357
3820	0	-1	0	0:00:00.289776
3840	6	6	1	0:00:00.287112
3860	7	7	1	0:00:00.287610
3880	6	6	1	0:00:00.287921
3900	3	3	1	0:00:00.286528
3920	7	7	1	0:00:00.287854
3940	6	6	1	0:00:00.286910
3960	2	2	1	0:00:00.288331
3980	9	2	0	0:00:00.286813
4000	8	7	0	0:00:00.285810
4020	8	8	1	0:00:00.287941
4040	0	0	1	0:00:00.286617
4060	6	6	1	0:00:00.286454
4080	1	1	1	0:00:00.289574
4100	7	7	1	0:00:00.289498
4120	4	4	1	0:00:00.287214
4140	5	5	1	0:00:00.287030
4160	5	5	1	0:00:00.288645
4180	0	0	1	0:00:00.289017
4200	4	4	1	0:00:00.286589
4220	4	-1	0	0:00:00.287380
4240	7	7	1	0:00:00.286930
4260	8	8	1	0:00:00.286198
4280	8	0	0	0:00:00.285091
4300	8	8	1	0:00:00.287900
4320	1	1	1	0:00:00.287227
4340	0	0	1	0:00:00.286228
4360	6	6	1	0:00:00.285568
4380	9	9	1	0:00:00.287227
4400	3	3	1	0:00:00.287336
4420	5	5	1	0:00:00.285061
4440	2	2	1	0:00:00.285939
4460	9	9	1	0:00:00.288213
4480	9	9	1	0:00:00.285234
4500	3	3	1	0:00:00.285701
4520	3	3	1	0:00:00.287081
4540	9	9	1	0:00:00.286009
4560	1	1	1	0:00:00.286200
4580	6	6	1	0:00:00.285084
4600	4	4	1	0:00:00.286064
4620	7	7	1	0:00:00.285669
4640	2	2	1	0:00:00.286548
4660	7	7	1	0:00:00.285773
4680	9	9	1	0:00:00.285999
4700	6	6	1	0:00:00.285601
4720	8	8	1	0:00:00.285395
4740	5	2	0	0:00:00.286379
4760	3	3	1	0:00:00.286663
4780	0	0	1	0:00:00.285388
4800	9	9	1	0:00:00.286660
4820	3	3	1	0:00:00.287705
4840	0	0	1	0:00:00.285616
4860	5	5	1	0:00:00.285054
4880	0	0	1	0:00:00.286329
4900	3	3	1	0:00:00.285812
4920	7	7	1	0:00:00.285371
4940	6	6	1	0:00:00.285377
4960	4	4	1	0:00:00.286472
4980	1	1	1	0:00:00.285874
5000	7	7	1	0:00:00.285810
5020	8	8	1	0:00:00.286454
5040	3	1	0	0:00:00.285661
5060	6	2	0	0:00:00.284824
5080	7	7	1	0:00:00.286481
5100	3	3	1	0:00:00.284725
5120	9	9	1	0:00:00.285833
5140	8	8	1	0:00:00.287073
5160	0	0	1	0:00:00.286124
5180	9	9	1	0:00:00.287030
5200	3	0	0	0:00:00.285555
5220	0	0	1	0:00:00.285679
5240	1	1	1	0:00:00.286725
5260	0	0	1	0:00:00.284513
5280	0	-1	0	0:00:00.285906
5300	9	9	1	0:00:00.287257
5320	7	7	1	0:00:00.287301
5340	3	4	0	0:00:00.286074
5360	9	9	1	0:00:00.284970
5380	1	1	1	0:00:00.286156
5400	9	9	1	0:00:00.285597
5420	6	6	1	0:00:00.285707
5440	9	9	1	0:00:00.285063
5460	0	0	1	0:00:00.287607
5480	1	1	1	0:00:00.286605
5500	8	8	1	0:00:00.286049
5520	4	4	1	0:00:00.286491
5540	5	5	1	0:00:00.285529
5560	3	5	0	0:00:00.285858
5580	5	3	0	0:00:00.285442
5600	6	6	1	0:00:00.286186
5620	3	3	1	0:00:00.286617
5640	2	2	1	0:00:00.286157
5660	9	9	1	0:00:00.286080
5680	2	2	1	0:00:00.286451
5700	3	3	1	0:00:00.286885
5720	9	9	1	0:00:00.285893
5740	6	6	1	0:00:00.285743
5760	2	2	1	0:00:00.286710
5780	7	7	1	0:00:00.286334
5800	2	2	1	0:00:00.285388
5820	5	5	1	0:00:00.286217
5840	2	3	0	0:00:00.286285
5860	0	0	1	0:00:00.286967
5880	0	0	1	0:00:00.285320
5900	4	3	0	0:00:00.287878
5920	8	8	1	0:00:00.285828
5940	7	7	1	0:00:00.286653
5960	2	6	0	0:00:00.285209
5980	9	9	1	0:00:00.286314
6000	8	8	1	0:00:00.286994
6020	6	6	1	0:00:00.286638
6040	2	7	0	0:00:00.286999
6060	3	4	0	0:00:00.286114
6080	1	1	1	0:00:00.288028
6100	1	1	1	0:00:00.289062
6120	5	5	1	0:00:00.287082
6140	9	9	1	0:00:00.286169
6160	2	2	1	0:00:00.287500
6180	0	0	1	0:00:00.287636
6200	3	2	0	0:00:00.287611
6220	2	2	1	0:00:00.286608
6240	2	2	1	0:00:00.287248
6260	2	2	1	0:00:00.286057
6280	8	8	1	0:00:00.287111
6300	1	1	1	0:00:00.285460
6320	0	0	1	0:00:00.287008
6340	3	3	1	0:00:00.288558
6360	2	2	1	0:00:00.286111
6380	3	7	0	0:00:00.286606
6400	0	0	1	0:00:00.287786
6420	7	7	1	0:00:00.287559
6440	3	3	1	0:00:00.287769
6460	3	3	1	0:00:00.287844
6480	0	0	1	0:00:00.287786
6500	7	7	1	0:00:00.287024
6520	6	6	1	0:00:00.288359
6540	8	8	1	0:00:00.289070
6560	6	6	1	0:00:00.285939
6580	1	1	1	0:00:00.288010
6600	7	7	1	0:00:00.287469
6620	7	7	1	0:00:00.288416
6640	5	3	0	0:00:00.288383
6660	0	0	1	0:00:00.287194
6680	3	5	0	0:00:00.287946
6700	6	6	1	0:00:00.287655
6720	2	2	1	0:00:00.287887
6740	2	2	1	0:00:00.287799
6760	5	5	1	0:00:00.288288
6780	7	7	1	0:00:00.287932
6800	6	6	1	0:00:00.288486
6820	1	1	1	0:00:00.287985
6840	9	9	1	0:00:00.288210
6860	0	0	1	0:00:00.287792
6880	2	2	1	0:00:00.288108
6900	3	5	0	0:00:00.288895
6920	5	5	1	0:00:00.288445
6940	1	1	1	0:00:00.288572
6960	9	9	1	0:00:00.288159
6980	0	0	1	0:00:00.288610
7000	2	0	0	0:00:00.289471
7020	7	7	1	0:00:00.289019
7040	7	0	0	0:00:00.287985
7060	8	8	1	0:00:00.289142
7080	5	4	0	0:00:00.288778
7100	9	3	0	0:00:00.287928
7120	7	5	0	0:00:00.289108
7140	4	4	1	0:00:00.288491
7160	5	5	1	0:00:00.287996
7180	6	6	1	0:00:00.289217
7200	4	4	1	0:00:00.288914
7220	9	9	1	0:00:00.288222
7240	0	0	1	0:00:00.288010
7260	1	1	1	0:00:00.288477
7280	1	1	1	0:00:00.289886
7300	3	5	0	0:00:00.287637
7320	8	8	1	0:00:00.289256
7340	2	2	1	0:00:00.288474
7360	2	2	1	0:00:00.287570
7380	7	7	1	0:00:00.288434
7400	3	5	0	0:00:00.288045
7420	3	5	0	0:00:00.288084
7440	3	3	1	0:00:00.289837
7460	5	5	1	0:00:00.290003
7480	1	1	1	0:00:00.289245
7500	6	6	1	0:00:00.289006
7520	4	4	1	0:00:00.289985
7540	5	5	1	0:00:00.287597
7560	0	0	1	0:00:00.287804
7580	8	8	1	0:00:00.289062
7600	8	2	0	0:00:00.289847
7620	5	1	0	0:00:00.289591
7640	9	8	0	0:00:00.288523
7660	7	7	1	0:00:00.290106
7680	3	5	0	0:00:00.288721
7700	6	6	1	0:00:00.289104
7720	5	5	1	0:00:00.289969
7740	4	4	1	0:00:00.288658
7760	2	-1	0	0:00:00.289516
7780	3	8	0	0:00:00.289402
7800	0	0	1	0:00:00.289076
7820	5	3	0	0:00:00.288229
7840	1	1	1	0:00:00.290357
7860	8	8	1	0:00:00.288682
7880	0	0	1	0:00:00.288396
7900	0	0	1	0:00:00.289353
7920	9	9	1	0:00:00.290445
7940	2	6	0	0:00:00.287883
7960	0	0	1	0:00:00.288888
7980	3	3	1	0:00:00.289746
8000	9	9	1	0:00:00.289924
8020	6	3	0	0:00:00.287792
8040	2	2	1	0:00:00.288619
8060	6	6	1	0:00:00.290680
8080	4	4	1	0:00:00.289306
8100	6	6	1	0:00:00.288272
8120	8	8	1	0:00:00.291003
8140	5	3	0	0:00:00.289747
8160	6	6	1	0:00:00.288640
8180	4	4	1	0:00:00.288751
8200	3	-1	0	0:00:00.291227
8220	6	6	1	0:00:00.289328
8240	7	7	1	0:00:00.288954
8260	1	1	1	0:00:00.290887
8280	4	4	1	0:00:00.289428
8300	5	5	1	0:00:00.287876
8320	7	7	1	0:00:00.290210
8340	5	5	1	0:00:00.289164
8360	7	7	1	0:00:00.289183
8380	9	9	1	0:00:00.289119
8400	0	0	1	0:00:00.290279
8420	3	6	0	0:00:00.288819
8440	5	-1	0	0:00:00.287844
8460	8	8	1	0:00:00.290601
8480	2	5	0	0:00:00.289662
8500	4	4	1	0:00:00.292811
8520	8	8	1	0:00:00.289351
8540	4	4	1	0:00:00.289248
8560	7	7	1	0:00:00.290149
8580	3	5	0	0:00:00.289881
8600	3	3	1	0:00:00.288194
8620	3	3	1	0:00:00.290779
8640	1	1	1	0:00:00.289660
8660	7	7	1	0:00:00.289320
8680	3	3	1	0:00:00.290179
8700	3	3	1	0:00:00.289260
8720	2	0	0	0:00:00.289490
8740	2	2	1	0:00:00.289538
8760	8	8	1	0:00:00.287735
8780	4	4	1	0:00:00.288941
8800	0	0	1	0:00:00.288515
8820	2	2	1	0:00:00.290743
8840	2	-1	0	0:00:00.288278
8860	2	2	1	0:00:00.287558
8880	1	1	1	0:00:00.291105
8900	2	4	0	0:00:00.288293
8920	6	6	1	0:00:00.290756
8940	6	3	0	0:00:00.289434
8960	0	2	0	0:00:00.288718
8980	9	9	1	0:00:00.290077
9000	8	8	1	0:00:00.289803
9020	7	7	1	0:00:00.289763
9040	2	5	0	0:00:00.289089
9060	9	9	1	0:00:00.289169
9080	3	3	1	0:00:00.289742
9100	9	9	1	0:00:00.289809
9120	3	5	0	0:00:00.288731
9140	7	7	1	0:00:00.288891
9160	5	5	1	0:00:00.291019
9180	5	5	1	0:00:00.288285
9200	8	8	1	0:00:00.288153
9220	8	8	1	0:00:00.289803
9240	8	8	1	0:00:00.288896
9260	5	5	1	0:00:00.288306
9280	9	9	1	0:00:00.289398
9300	5	4	0	0:00:00.288908
9320	9	9	1	0:00:00.287851
9340	1	1	1	0:00:00.289397
9360	5	0	0	0:00:00.291218
9380	5	3	0	0:00:00.288448
9400	6	6	1	0:00:00.287323
9420	5	5	1	0:00:00.289950
9440	8	8	1	0:00:00.289063
9460	3	3	1	0:00:00.288707
9480	2	2	1	0:00:00.288081
9500	9	9	1	0:00:00.290041
9520	1	1	1	0:00:00.287936
9540	5	5	1	0:00:00.287978
9560	9	9	1	0:00:00.290802
9580	1	1	1	0:00:00.288051
9600	8	8	1	0:00:00.287565
9620	4	4	1	0:00:00.290336
9640	5	5	1	0:00:00.287942
9660	6	6	1	0:00:00.288154
9680	8	8	1	0:00:00.289138
9700	0	0	1	0:00:00.289675
9720	8	8	1	0:00:00.287166
9740	3	6	0	0:00:00.288572
9760	9	5	0	0:00:00.290683
9780	4	4	1	0:00:00.287246
9800	1	1	1	0:00:00.287847
9820	0	0	1	0:00:00.290241
9840	4	7	0	0:00:00.289458
9860	0	0	1	0:00:00.286719
9880	7	7	1	0:00:00.289559
9900	8	8	1	0:00:00.289987
9920	6	6	1	0:00:00.288536
9940	4	4	1	0:00:00.286922
9960	2	0	0	0:00:00.289047
9980	0	0	1	0:00:00.288346
