idx	label	predict	correct	time
0	3	3	1	0:00:00.411204
20	7	7	1	0:00:00.284340
40	4	4	1	0:00:00.284779
60	7	7	1	0:00:00.289639
80	8	8	1	0:00:00.285282
100	4	4	1	0:00:00.284168
120	8	8	1	0:00:00.284269
140	6	6	1	0:00:00.290494
160	2	2	1	0:00:00.285516
180	0	0	1	0:00:00.284949
200	5	5	1	0:00:00.289617
220	7	7	1	0:00:00.287394
240	1	1	1	0:00:00.284868
260	8	8	1	0:00:00.286280
280	9	9	1	0:00:00.288180
300	6	6	1	0:00:00.287201
320	3	3	1	0:00:00.285286
340	2	4	0	0:00:00.288006
360	9	9	1	0:00:00.288338
380	6	6	1	0:00:00.287255
400	9	9	1	0:00:00.285536
420	4	4	1	0:00:00.288958
440	1	1	1	0:00:00.288426
460	5	5	1	0:00:00.285549
480	8	9	0	0:00:00.287398
500	4	6	0	0:00:00.288424
520	5	5	1	0:00:00.287478
540	1	1	1	0:00:00.286803
560	0	0	1	0:00:00.287553
580	4	4	1	0:00:00.289638
600	8	8	1	0:00:00.287740
620	7	7	1	0:00:00.288505
640	5	3	0	0:00:00.290038
660	9	9	1	0:00:00.287304
680	9	9	1	0:00:00.288418
700	7	7	1	0:00:00.288858
720	4	9	0	0:00:00.288951
740	2	3	0	0:00:00.288703
760	3	3	1	0:00:00.288268
780	9	9	1	0:00:00.289979
800	7	7	1	0:00:00.288448
820	6	6	1	0:00:00.287975
840	7	7	1	0:00:00.288959
860	4	4	1	0:00:00.289910
880	8	8	1	0:00:00.287491
900	2	2	1	0:00:00.288628
920	6	6	1	0:00:00.289500
940	9	9	1	0:00:00.290732
960	9	9	1	0:00:00.288849
980	2	6	0	0:00:00.290522
1000	5	5	1	0:00:00.291081
1020	1	1	1	0:00:00.289083
1040	7	5	0	0:00:00.290582
1060	9	9	1	0:00:00.290915
1080	6	6	1	0:00:00.290971
1100	7	0	0	0:00:00.289274
1120	5	5	1	0:00:00.290389
1140	6	6	1	0:00:00.291459
1160	8	8	1	0:00:00.290088
1180	3	3	1	0:00:00.289057
1200	8	8	1	0:00:00.289472
1220	9	-1	0	0:00:00.291921
1240	2	6	0	0:00:00.291079
1260	1	9	0	0:00:00.292070
1280	3	3	1	0:00:00.291042
1300	4	3	0	0:00:00.290641
1320	7	2	0	0:00:00.292163
1340	1	1	1	0:00:00.291410
1360	7	7	1	0:00:00.291344
1380	4	5	0	0:00:00.302000
1400	5	3	0	0:00:00.293837
1420	4	7	0	0:00:00.301286
1440	0	0	1	0:00:00.294477
1460	6	6	1	0:00:00.294848
1480	1	1	1	0:00:00.296302
1500	1	1	1	0:00:00.293948
1520	7	7	1	0:00:00.292565
1540	8	8	1	0:00:00.293434
1560	7	7	1	0:00:00.291619
1580	6	1	0	0:00:00.291750
1600	8	9	0	0:00:00.291335
1620	5	4	0	0:00:00.293187
1640	7	3	0	0:00:00.292687
1660	3	3	1	0:00:00.293299
1680	6	6	1	0:00:00.293298
1700	5	5	1	0:00:00.292814
1720	4	4	1	0:00:00.291716
1740	1	1	1	0:00:00.291708
1760	0	0	1	0:00:00.293660
1780	7	7	1	0:00:00.291311
1800	4	4	1	0:00:00.293760
1820	8	8	1	0:00:00.293175
1840	8	9	0	0:00:00.294039
1860	8	8	1	0:00:00.291869
1880	1	1	1	0:00:00.292483
1900	8	8	1	0:00:00.292369
1920	2	2	1	0:00:00.294232
1940	5	-1	0	0:00:00.292326
1960	2	5	0	0:00:00.292167
1980	9	9	1	0:00:00.293653
2000	1	1	1	0:00:00.292766
2020	9	9	1	0:00:00.293806
2040	0	0	1	0:00:00.292145
2060	5	3	0	0:00:00.292989
2080	1	1	1	0:00:00.292594
2100	2	2	1	0:00:00.292335
2120	4	8	0	0:00:00.292887
2140	9	9	1	0:00:00.293087
2160	0	0	1	0:00:00.291646
2180	4	4	1	0:00:00.292096
2200	0	-1	0	0:00:00.291838
2220	1	1	1	0:00:00.292318
2240	9	9	1	0:00:00.292363
2260	4	4	1	0:00:00.292275
2280	4	-1	0	0:00:00.292513
2300	3	3	1	0:00:00.292249
2320	5	2	0	0:00:00.293084
2340	7	7	1	0:00:00.291681
2360	7	7	1	0:00:00.293936
2380	8	8	1	0:00:00.292429
2400	0	0	1	0:00:00.290901
2420	8	-1	0	0:00:00.291800
2440	7	7	1	0:00:00.291433
2460	9	-1	0	0:00:00.293672
2480	8	8	1	0:00:00.290025
2500	4	4	1	0:00:00.291101
2520	1	1	1	0:00:00.291697
2540	2	-1	0	0:00:00.290921
2560	7	7	1	0:00:00.291151
2580	6	6	1	0:00:00.291734
2600	8	8	1	0:00:00.292069
2620	1	1	1	0:00:00.291371
2640	7	7	1	0:00:00.291297
2660	3	5	0	0:00:00.290491
2680	0	0	1	0:00:00.289405
2700	9	9	1	0:00:00.290261
2720	3	3	1	0:00:00.290956
2740	1	1	1	0:00:00.291979
2760	2	2	1	0:00:00.291538
2780	7	7	1	0:00:00.290258
2800	4	4	1	0:00:00.292024
2820	6	6	1	0:00:00.290852
2840	3	3	1	0:00:00.289157
2860	5	7	0	0:00:00.290840
2880	4	4	1	0:00:00.290403
2900	3	5	0	0:00:00.290219
2920	2	3	0	0:00:00.289227
2940	3	0	0	0:00:00.290743
2960	9	9	1	0:00:00.290196
2980	8	8	1	0:00:00.289293
3000	5	5	1	0:00:00.290667
3020	1	1	1	0:00:00.290496
3040	7	7	1	0:00:00.289940
3060	7	7	1	0:00:00.291150
3080	1	1	1	0:00:00.289509
3100	0	0	1	0:00:00.289041
3120	4	6	0	0:00:00.291101
3140	8	8	1	0:00:00.288484
3160	6	2	0	0:00:00.289100
3180	3	3	1	0:00:00.290578
3200	5	7	0	0:00:00.289731
3220	3	9	0	0:00:00.288874
3240	4	1	0	0:00:00.289524
3260	7	7	1	0:00:00.289122
3280	3	5	0	0:00:00.289299
3300	4	4	1	0:00:00.288046
3320	2	7	0	0:00:00.290965
3340	6	6	1	0:00:00.290372
3360	4	4	1	0:00:00.289613
3380	8	8	1	0:00:00.288487
3400	6	4	0	0:00:00.289713
3420	5	3	0	0:00:00.289868
3440	2	3	0	0:00:00.288029
3460	1	1	1	0:00:00.289261
3480	2	2	1	0:00:00.288798
3500	1	1	1	0:00:00.289215
3520	1	1	1	0:00:00.289392
3540	6	6	1	0:00:00.290984
3560	1	9	0	0:00:00.288689
3580	4	4	1	0:00:00.287701
3600	4	2	0	0:00:00.287721
3620	0	0	1	0:00:00.290079
3640	6	2	0	0:00:00.288956
3660	0	0	1	0:00:00.287069
3680	0	-1	0	0:00:00.289963
3700	3	3	1	0:00:00.290115
3720	2	2	1	0:00:00.287525
3740	0	0	1	0:00:00.287894
3760	7	7	1	0:00:00.289757
3780	4	4	1	0:00:00.288130
3800	9	9	1	0:00:00.286949
3820	0	0	1	0:00:00.287812
3840	6	3	0	0:00:00.289217
3860	7	7	1	0:00:00.286636
3880	6	-1	0	0:00:00.288902
3900	3	6	0	0:00:00.286565
3920	7	7	1	0:00:00.288690
3940	6	-1	0	0:00:00.287977
3960	2	2	1	0:00:00.289886
3980	9	9	1	0:00:00.288090
4000	8	0	0	0:00:00.287571
4020	8	8	1	0:00:00.288706
4040	0	0	1	0:00:00.288002
4060	6	6	1	0:00:00.286795
4080	1	1	1	0:00:00.288109
4100	7	7	1	0:00:00.288279
4120	4	4	1	0:00:00.288311
4140	5	5	1	0:00:00.287989
4160	5	5	1	0:00:00.287897
4180	0	0	1	0:00:00.287181
4200	4	-1	0	0:00:00.288035
4220	4	0	0	0:00:00.287744
4240	7	0	0	0:00:00.287704
4260	8	8	1	0:00:00.287973
4280	8	1	0	0:00:00.288356
4300	8	8	1	0:00:00.287413
4320	1	8	0	0:00:00.287291
4340	0	0	1	0:00:00.286203
4360	6	9	0	0:00:00.289456
4380	9	9	1	0:00:00.288208
4400	3	-1	0	0:00:00.288543
4420	5	5	1	0:00:00.287881
4440	2	2	1	0:00:00.288652
4460	9	9	1	0:00:00.288266
4480	9	9	1	0:00:00.288303
4500	3	5	0	0:00:00.289485
4520	3	6	0	0:00:00.287458
4540	9	9	1	0:00:00.287487
4560	1	1	1	0:00:00.289055
4580	6	6	1	0:00:00.288355
4600	4	7	0	0:00:00.288020
4620	7	3	0	0:00:00.286279
4640	2	2	1	0:00:00.287992
4660	7	7	1	0:00:00.289084
4680	9	-1	0	0:00:00.289061
4700	6	-1	0	0:00:00.286626
4720	8	8	1	0:00:00.287566
4740	5	3	0	0:00:00.288699
4760	3	-1	0	0:00:00.288387
4780	0	0	1	0:00:00.288911
4800	9	9	1	0:00:00.288580
4820	3	3	1	0:00:00.286698
4840	0	0	1	0:00:00.287565
4860	5	5	1	0:00:00.287628
4880	0	0	1	0:00:00.286615
4900	3	3	1	0:00:00.286881
4920	7	7	1	0:00:00.288377
4940	6	6	1	0:00:00.288982
4960	4	3	0	0:00:00.286919
4980	1	9	0	0:00:00.287801
5000	7	7	1	0:00:00.288547
5020	8	8	1	0:00:00.285955
5040	3	3	1	0:00:00.285979
5060	6	6	1	0:00:00.288842
5080	7	7	1	0:00:00.289320
5100	3	3	1	0:00:00.286924
5120	9	9	1	0:00:00.287263
5140	8	8	1	0:00:00.287331
5160	0	0	1	0:00:00.287788
5180	9	7	0	0:00:00.287078
5200	3	3	1	0:00:00.286506
5220	0	0	1	0:00:00.287057
5240	1	-1	0	0:00:00.288442
5260	0	0	1	0:00:00.286607
5280	0	-1	0	0:00:00.287800
5300	9	9	1	0:00:00.288037
5320	7	7	1	0:00:00.286891
5340	3	4	0	0:00:00.288963
5360	9	9	1	0:00:00.288618
5380	1	9	0	0:00:00.287544
5400	9	9	1	0:00:00.287295
5420	6	6	1	0:00:00.288710
5440	9	9	1	0:00:00.287199
5460	0	0	1	0:00:00.287579
5480	1	1	1	0:00:00.287426
5500	8	8	1	0:00:00.287153
5520	4	-1	0	0:00:00.287631
5540	5	6	0	0:00:00.287318
5560	3	5	0	0:00:00.288444
5580	5	3	0	0:00:00.288193
5600	6	6	1	0:00:00.287595
5620	3	4	0	0:00:00.288057
5640	2	2	1	0:00:00.288166
5660	9	9	1	0:00:00.286927
5680	2	3	0	0:00:00.288269
5700	3	-1	0	0:00:00.288678
5720	9	9	1	0:00:00.288633
5740	6	6	1	0:00:00.288388
5760	2	2	1	0:00:00.288403
5780	7	7	1	0:00:00.287214
5800	2	2	1	0:00:00.288283
5820	5	5	1	0:00:00.288911
5840	2	2	1	0:00:00.288896
5860	0	0	1	0:00:00.288001
5880	0	0	1	0:00:00.286026
5900	4	3	0	0:00:00.290654
5920	8	8	1	0:00:00.287827
5940	7	4	0	0:00:00.287287
5960	2	6	0	0:00:00.289126
5980	9	9	1	0:00:00.288566
6000	8	8	1	0:00:00.288012
6020	6	6	1	0:00:00.287848
6040	2	-1	0	0:00:00.288144
6060	3	3	1	0:00:00.287850
6080	1	1	1	0:00:00.288755
6100	1	1	1	0:00:00.287705
6120	5	5	1	0:00:00.288577
6140	9	9	1	0:00:00.288380
6160	2	2	1	0:00:00.287635
6180	0	0	1	0:00:00.289110
6200	3	3	1	0:00:00.287494
6220	2	5	0	0:00:00.289447
6240	2	2	1	0:00:00.288924
6260	2	6	0	0:00:00.287855
6280	8	5	0	0:00:00.288604
6300	1	1	1	0:00:00.289416
6320	0	0	1	0:00:00.289415
6340	3	3	1	0:00:00.287427
6360	2	2	1	0:00:00.290363
6380	3	3	1	0:00:00.287930
6400	0	-1	0	0:00:00.289137
6420	7	7	1	0:00:00.288632
6440	3	-1	0	0:00:00.288902
6460	3	3	1	0:00:00.289716
6480	0	0	1	0:00:00.288489
6500	7	-1	0	0:00:00.289467
6520	6	-1	0	0:00:00.289520
6540	8	8	1	0:00:00.288938
6560	6	6	1	0:00:00.288442
6580	1	1	1	0:00:00.289712
6600	7	7	1	0:00:00.290605
6620	7	7	1	0:00:00.287136
6640	5	3	0	0:00:00.289441
6660	0	0	1	0:00:00.289513
6680	3	3	1	0:00:00.289027
6700	6	6	1	0:00:00.289236
6720	2	2	1	0:00:00.289263
6740	2	2	1	0:00:00.290603
6760	5	5	1	0:00:00.288819
6780	7	7	1	0:00:00.290579
6800	6	6	1	0:00:00.291612
6820	1	1	1	0:00:00.286780
6840	9	9	1	0:00:00.289750
6860	0	0	1	0:00:00.288960
6880	2	2	1	0:00:00.289486
6900	3	-1	0	0:00:00.289896
6920	5	-1	0	0:00:00.288968
6940	1	1	1	0:00:00.289888
6960	9	9	1	0:00:00.288753
6980	0	0	1	0:00:00.288675
7000	2	0	0	0:00:00.289876
7020	7	7	1	0:00:00.289314
7040	7	-1	0	0:00:00.291184
7060	8	8	1	0:00:00.289212
7080	5	4	0	0:00:00.287970
7100	9	-1	0	0:00:00.289675
7120	7	5	0	0:00:00.289048
7140	4	4	1	0:00:00.289896
7160	5	5	1	0:00:00.289895
7180	6	6	1	0:00:00.290907
7200	4	-1	0	0:00:00.289884
7220	9	9	1	0:00:00.288993
7240	0	0	1	0:00:00.290339
7260	1	1	1	0:00:00.288475
7280	1	9	0	0:00:00.289786
7300	3	4	0	0:00:00.289595
7320	8	8	1	0:00:00.288453
7340	2	4	0	0:00:00.289510
7360	2	-1	0	0:00:00.289416
7380	7	7	1	0:00:00.289977
7400	3	3	1	0:00:00.289269
7420	3	4	0	0:00:00.288868
7440	3	3	1	0:00:00.291090
7460	5	5	1	0:00:00.289052
7480	1	8	0	0:00:00.289239
7500	6	6	1	0:00:00.290051
7520	4	4	1	0:00:00.289865
7540	5	5	1	0:00:00.290035
7560	0	0	1	0:00:00.289827
7580	8	8	1	0:00:00.291297
7600	8	9	0	0:00:00.289294
7620	5	3	0	0:00:00.289824
7640	9	9	1	0:00:00.289923
7660	7	7	1	0:00:00.290565
7680	3	-1	0	0:00:00.289291
7700	6	6	1	0:00:00.289660
7720	5	-1	0	0:00:00.290977
7740	4	4	1	0:00:00.288909
7760	2	9	0	0:00:00.290125
7780	3	-1	0	0:00:00.290063
7800	0	0	1	0:00:00.289189
7820	5	5	1	0:00:00.288493
7840	1	1	1	0:00:00.289186
7860	8	8	1	0:00:00.290277
7880	0	0	1	0:00:00.290346
7900	0	8	0	0:00:00.287785
7920	9	9	1	0:00:00.289198
7940	2	-1	0	0:00:00.291833
7960	0	0	1	0:00:00.289230
7980	3	3	1	0:00:00.288891
8000	9	9	1	0:00:00.290073
8020	6	3	0	0:00:00.290137
8040	2	2	1	0:00:00.289738
8060	6	6	1	0:00:00.289467
8080	4	4	1	0:00:00.290879
8100	6	-1	0	0:00:00.290212
8120	8	9	0	0:00:00.289386
8140	5	4	0	0:00:00.290893
8160	6	6	1	0:00:00.290296
8180	4	4	1	0:00:00.289118
8200	3	4	0	0:00:00.291535
8220	6	-1	0	0:00:00.290493
8240	7	7	1	0:00:00.292472
8260	1	1	1	0:00:00.289434
8280	4	5	0	0:00:00.290155
8300	5	-1	0	0:00:00.289208
8320	7	4	0	0:00:00.289362
8340	5	3	0	0:00:00.290120
8360	7	7	1	0:00:00.288745
8380	9	9	1	0:00:00.288718
8400	0	0	1	0:00:00.289143
8420	3	6	0	0:00:00.291576
8440	5	5	1	0:00:00.287760
8460	8	8	1	0:00:00.289213
8480	2	2	1	0:00:00.289474
8500	4	4	1	0:00:00.288806
8520	8	8	1	0:00:00.287621
8540	4	-1	0	0:00:00.291266
8560	7	7	1	0:00:00.289567
8580	3	5	0	0:00:00.289860
8600	3	3	1	0:00:00.290154
8620	3	4	0	0:00:00.289457
8640	1	1	1	0:00:00.289817
8660	7	7	1	0:00:00.289070
8680	3	7	0	0:00:00.289304
8700	3	3	1	0:00:00.289831
8720	2	0	0	0:00:00.289227
8740	2	2	1	0:00:00.290265
8760	8	8	1	0:00:00.289155
8780	4	4	1	0:00:00.289453
8800	0	0	1	0:00:00.287925
8820	2	2	1	0:00:00.289748
8840	2	-1	0	0:00:00.289941
8860	2	2	1	0:00:00.289560
8880	1	1	1	0:00:00.290967
8900	2	4	0	0:00:00.290605
8920	6	6	1	0:00:00.289435
8940	6	3	0	0:00:00.289774
8960	0	0	1	0:00:00.289694
8980	9	9	1	0:00:00.288380
9000	8	8	1	0:00:00.288242
9020	7	7	1	0:00:00.290854
9040	2	5	0	0:00:00.288800
9060	9	9	1	0:00:00.290190
9080	3	3	1	0:00:00.288453
9100	9	1	0	0:00:00.289834
9120	3	3	1	0:00:00.289624
9140	7	7	1	0:00:00.287832
9160	5	3	0	0:00:00.290613
9180	5	5	1	0:00:00.288244
9200	8	8	1	0:00:00.286743
9220	8	8	1	0:00:00.289339
9240	8	8	1	0:00:00.289844
9260	5	5	1	0:00:00.288603
9280	9	8	0	0:00:00.287699
9300	5	-1	0	0:00:00.291210
9320	9	9	1	0:00:00.289561
9340	1	1	1	0:00:00.286138
9360	5	0	0	0:00:00.290531
9380	5	3	0	0:00:00.291237
9400	6	6	1	0:00:00.289471
9420	5	5	1	0:00:00.288281
9440	8	8	1	0:00:00.290226
9460	3	7	0	0:00:00.288874
9480	2	2	1	0:00:00.288869
9500	9	9	1	0:00:00.290468
9520	1	1	1	0:00:00.290719
9540	5	5	1	0:00:00.290302
9560	9	7	0	0:00:00.288006
9580	1	1	1	0:00:00.289246
9600	8	8	1	0:00:00.288368
9620	4	4	1	0:00:00.288873
9640	5	-1	0	0:00:00.289194
9660	6	6	1	0:00:00.290510
9680	8	8	1	0:00:00.289226
9700	0	0	1	0:00:00.288834
9720	8	1	0	0:00:00.288558
9740	3	6	0	0:00:00.291066
9760	9	9	1	0:00:00.288307
9780	4	6	0	0:00:00.289038
9800	1	1	1	0:00:00.289232
9820	0	8	0	0:00:00.289636
9840	4	-1	0	0:00:00.287449
9860	0	5	0	0:00:00.290615
9880	7	7	1	0:00:00.289027
9900	8	8	1	0:00:00.287899
9920	6	6	1	0:00:00.287885
9940	4	5	0	0:00:00.290781
9960	2	0	0	0:00:00.288360
9980	0	0	1	0:00:00.286441
