idx	label	predict	radius	correct	time
0	3	3	0.483	1	0:00:28.611389
20	7	7	0.41	1	0:00:30.256540
40	4	4	0.312	1	0:00:28.881335
60	7	7	1.21	1	0:00:28.780516
80	8	8	1.19	1	0:00:28.793465
100	4	-1	0.0	0	0:00:28.828652
120	8	8	0.222	1	0:00:28.771719
140	6	6	0.368	1	0:00:28.771258
160	2	2	0.274	1	0:00:28.740070
180	0	0	0.941	1	0:00:28.758045
200	5	5	0.277	1	0:00:28.839524
220	7	7	1.37	1	0:00:28.833483
240	1	1	1.84	1	0:00:28.830669
260	8	8	0.00323	1	0:00:28.852894
280	9	9	1.04	1	0:00:28.864514
300	6	6	0.68	1	0:00:28.851373
320	3	3	0.594	1	0:00:28.830884
340	2	4	0.171	0	0:00:28.843029
360	9	9	0.3	1	0:00:28.854571
380	6	6	0.451	1	0:00:28.863623
400	9	9	1.16	1	0:00:28.841414
420	4	4	0.798	1	0:00:28.848200
440	1	1	0.441	1	0:00:28.857475
460	5	5	1.12	1	0:00:28.853178
480	8	9	0.558	0	0:00:28.864063
500	4	6	0.375	0	0:00:28.856836
520	5	5	0.324	1	0:00:28.849436
540	1	1	0.687	1	0:00:28.842512
560	0	0	1.34	1	0:00:28.781557
580	4	4	0.505	1	0:00:28.859463
600	8	8	1.14	1	0:00:28.839110
620	7	7	0.478	1	0:00:28.865173
640	5	3	0.917	0	0:00:28.867590
660	9	9	0.832	1	0:00:28.850720
680	9	9	0.111	1	0:00:28.859899
700	7	7	0.788	1	0:00:28.852606
720	4	-1	0.0	0	0:00:28.835674
740	2	3	0.0527	0	0:00:28.872853
760	3	3	0.187	1	0:00:28.853085
780	9	9	0.358	1	0:00:28.842996
800	7	7	1.87	1	0:00:28.862318
820	6	-1	0.0	0	0:00:28.841702
840	7	7	1.73	1	0:00:28.811560
860	4	4	0.396	1	0:00:28.844271
880	8	8	1.29	1	0:00:28.738967
900	2	2	0.0809	1	0:00:28.833037
920	6	6	0.341	1	0:00:28.836311
940	9	9	1.25	1	0:00:28.824517
960	9	9	1.07	1	0:00:28.807961
980	2	6	0.134	0	0:00:28.830490
1000	5	5	1.34	1	0:00:28.808991
1020	1	1	1.46	1	0:00:28.820019
1040	7	5	0.774	0	0:00:28.835089
1060	9	9	1.45	1	0:00:28.802046
1080	6	6	0.541	1	0:00:28.825442
1100	7	-1	0.0	0	0:00:28.797068
1120	5	5	0.0346	1	0:00:28.832107
1140	6	6	0.37	1	0:00:28.856253
1160	8	8	0.0912	1	0:00:28.781370
1180	3	3	0.976	1	0:00:28.799525
1200	8	8	0.441	1	0:00:28.787816
1220	9	-1	0.0	0	0:00:28.798675
1240	2	6	0.87	0	0:00:28.796658
1260	1	9	0.42	0	0:00:28.819036
1280	3	3	0.0984	1	0:00:28.824010
1300	4	3	0.62	0	0:00:28.793995
1320	7	-1	0.0	0	0:00:28.802075
1340	1	1	1.33	1	0:00:28.776083
1360	7	7	0.944	1	0:00:28.844014
1380	4	5	0.318	0	0:00:28.805034
1400	5	3	0.349	0	0:00:28.808460
1420	4	7	0.0897	0	0:00:28.841397
1440	0	0	0.136	1	0:00:28.813585
1460	6	6	0.958	1	0:00:28.844889
1480	1	1	0.339	1	0:00:28.843707
1500	1	1	0.933	1	0:00:28.843245
1520	7	7	0.868	1	0:00:28.838617
1540	8	8	1.34	1	0:00:28.829596
1560	7	7	1.91	1	0:00:28.842040
1580	6	1	0.103	0	0:00:28.858868
1600	8	9	0.119	0	0:00:28.853907
1620	5	-1	0.0	0	0:00:28.845007
1640	7	3	0.418	0	0:00:28.856158
1660	3	3	0.0658	1	0:00:28.852335
1680	6	6	0.863	1	0:00:28.826092
1700	5	5	0.0399	1	0:00:28.835989
1720	4	4	0.0686	1	0:00:28.820371
1740	1	1	0.486	1	0:00:28.813990
1760	0	0	0.569	1	0:00:28.820251
1780	7	7	0.689	1	0:00:28.804011
1800	4	-1	0.0	0	0:00:28.809548
1820	8	8	0.449	1	0:00:28.798432
1840	8	-1	0.0	0	0:00:28.816313
1860	8	8	1.11	1	0:00:28.781452
1880	1	1	1.0	1	0:00:28.802687
1900	8	8	1.65	1	0:00:28.732652
1920	2	2	1.02	1	0:00:28.799871
1940	5	-1	0.0	0	0:00:28.792375
1960	2	5	0.33	0	0:00:28.802241
1980	9	9	1.61	1	0:00:28.806050
2000	1	1	0.106	1	0:00:28.823277
2020	9	9	1.42	1	0:00:28.793323
2040	0	0	0.659	1	0:00:28.770469
2060	5	3	0.604	0	0:00:28.779851
2080	1	1	0.267	1	0:00:28.798808
2100	2	2	0.602	1	0:00:28.796286
2120	4	8	0.39	0	0:00:28.793209
2140	9	9	1.23	1	0:00:28.817598
2160	0	0	0.328	1	0:00:28.768436
2180	4	4	0.785	1	0:00:28.819623
2200	0	-1	0.0	0	0:00:28.768631
