idx	label	predict	correct	time
0	3	3	1	0:00:00.403538
20	7	7	1	0:00:00.280976
40	4	4	1	0:00:00.281406
60	7	7	1	0:00:00.282290
80	8	8	1	0:00:00.287206
100	4	-1	0	0:00:00.281950
120	8	8	1	0:00:00.281590
140	6	6	1	0:00:00.286738
160	2	2	1	0:00:00.283916
180	0	0	1	0:00:00.283152
200	5	5	1	0:00:00.284972
220	7	7	1	0:00:00.285998
240	1	1	1	0:00:00.284124
260	8	8	1	0:00:00.284565
280	9	9	1	0:00:00.285915
300	6	6	1	0:00:00.285434
320	3	3	1	0:00:00.285225
340	2	4	0	0:00:00.284101
360	9	9	1	0:00:00.285213
380	6	6	1	0:00:00.286535
400	9	9	1	0:00:00.285761
420	4	4	1	0:00:00.286998
440	1	1	1	0:00:00.286899
460	5	5	1	0:00:00.286053
480	8	9	0	0:00:00.285681
500	4	3	0	0:00:00.287171
520	5	5	1	0:00:00.285522
540	1	1	1	0:00:00.286221
560	0	0	1	0:00:00.287130
580	4	4	1	0:00:00.287508
600	8	8	1	0:00:00.287316
620	7	7	1	0:00:00.286952
640	5	3	0	0:00:00.285649
660	9	9	1	0:00:00.286530
680	9	9	1	0:00:00.287867
700	7	7	1	0:00:00.287391
720	4	4	1	0:00:00.287556
740	2	5	0	0:00:00.287739
760	3	3	1	0:00:00.287536
780	9	9	1	0:00:00.286940
800	7	7	1	0:00:00.287989
820	6	6	1	0:00:00.287186
840	7	7	1	0:00:00.286991
860	4	4	1	0:00:00.289566
880	8	8	1	0:00:00.287231
900	2	6	0	0:00:00.289015
920	6	6	1	0:00:00.288177
940	9	9	1	0:00:00.288952
960	9	9	1	0:00:00.287472
980	2	2	1	0:00:00.286259
1000	5	5	1	0:00:00.288319
1020	1	1	1	0:00:00.289938
1040	7	5	0	0:00:00.289178
1060	9	9	1	0:00:00.288654
1080	6	6	1	0:00:00.288793
1100	7	0	0	0:00:00.289774
1120	5	2	0	0:00:00.289802
1140	6	6	1	0:00:00.288750
1160	8	8	1	0:00:00.289274
1180	3	3	1	0:00:00.290740
1200	8	8	1	0:00:00.288997
1220	9	6	0	0:00:00.287914
1240	2	6	0	0:00:00.289551
1260	1	-1	0	0:00:00.290470
1280	3	3	1	0:00:00.289135
1300	4	3	0	0:00:00.290554
1320	7	7	1	0:00:00.291580
1340	1	1	1	0:00:00.288596
1360	7	7	1	0:00:00.291009
1380	4	4	1	0:00:00.290203
1400	5	3	0	0:00:00.289680
1420	4	4	1	0:00:00.290888
1440	0	0	1	0:00:00.289814
1460	6	6	1	0:00:00.291873
1480	1	1	1	0:00:00.289642
1500	1	1	1	0:00:00.290785
1520	7	7	1	0:00:00.290248
1540	8	8	1	0:00:00.291246
1560	7	7	1	0:00:00.290881
1580	6	-1	0	0:00:00.290856
1600	8	9	0	0:00:00.290743
1620	5	3	0	0:00:00.292112
1640	7	-1	0	0:00:00.291164
1660	3	3	1	0:00:00.292148
1680	6	6	1	0:00:00.292911
1700	5	5	1	0:00:00.291434
1720	4	4	1	0:00:00.292589
1740	1	1	1	0:00:00.292494
1760	0	0	1	0:00:00.294163
1780	7	7	1	0:00:00.292270
1800	4	4	1	0:00:00.293947
1820	8	8	1	0:00:00.292912
1840	8	-1	0	0:00:00.296305
1860	8	8	1	0:00:00.291909
1880	1	1	1	0:00:00.293092
1900	8	8	1	0:00:00.292408
1920	2	2	1	0:00:00.293549
1940	5	5	1	0:00:00.293630
1960	2	-1	0	0:00:00.294087
1980	9	9	1	0:00:00.293332
2000	1	1	1	0:00:00.293301
2020	9	9	1	0:00:00.294627
2040	0	0	1	0:00:00.293997
2060	5	3	0	0:00:00.292784
2080	1	9	0	0:00:00.293581
2100	2	2	1	0:00:00.293905
2120	4	8	0	0:00:00.293306
2140	9	9	1	0:00:00.293224
2160	0	0	1	0:00:00.294052
2180	4	4	1	0:00:00.292893
2200	0	0	1	0:00:00.296667
2220	1	1	1	0:00:00.293940
2240	9	9	1	0:00:00.293715
2260	4	4	1	0:00:00.293747
2280	4	4	1	0:00:00.292299
2300	3	3	1	0:00:00.294750
2320	5	2	0	0:00:00.296021
2340	7	7	1	0:00:00.293370
2360	7	7	1	0:00:00.294020
2380	8	8	1	0:00:00.294223
2400	0	0	1	0:00:00.293229
2420	8	8	1	0:00:00.293150
2440	7	7	1	0:00:00.295462
2460	9	9	1	0:00:00.294065
2480	8	8	1	0:00:00.294146
2500	4	4	1	0:00:00.293548
2520	1	1	1	0:00:00.293893
2540	2	6	0	0:00:00.294677
2560	7	7	1	0:00:00.293616
2580	6	5	0	0:00:00.294366
2600	8	8	1	0:00:00.294433
2620	1	1	1	0:00:00.292648
2640	7	7	1	0:00:00.294240
2660	3	-1	0	0:00:00.295450
2680	0	0	1	0:00:00.292763
2700	9	-1	0	0:00:00.294304
2720	3	3	1	0:00:00.293472
2740	1	1	1	0:00:00.293990
2760	2	2	1	0:00:00.291931
2780	7	7	1	0:00:00.294346
2800	4	4	1	0:00:00.293583
2820	6	6	1	0:00:00.291603
2840	3	3	1	0:00:00.292341
2860	5	4	0	0:00:00.294455
2880	4	4	1	0:00:00.291094
2900	3	7	0	0:00:00.292777
2920	2	3	0	0:00:00.291375
2940	3	0	0	0:00:00.292637
2960	9	0	0	0:00:00.290995
2980	8	8	1	0:00:00.291153
3000	5	5	1	0:00:00.292176
3020	1	1	1	0:00:00.290629
3040	7	7	1	0:00:00.290406
3060	7	7	1	0:00:00.291119
3080	1	1	1	0:00:00.291675
3100	0	0	1	0:00:00.289398
3120	4	4	1	0:00:00.291797
3140	8	8	1	0:00:00.290786
3160	6	2	0	0:00:00.290567
3180	3	3	1	0:00:00.290904
3200	5	5	1	0:00:00.291763
3220	3	9	0	0:00:00.290197
3240	4	0	0	0:00:00.290931
3260	7	7	1	0:00:00.290887
3280	3	5	0	0:00:00.290291
3300	4	4	1	0:00:00.290722
3320	2	7	0	0:00:00.290851
3340	6	6	1	0:00:00.291270
3360	4	4	1	0:00:00.290102
3380	8	8	1	0:00:00.290664
3400	6	4	0	0:00:00.290228
3420	5	-1	0	0:00:00.289607
3440	2	3	0	0:00:00.289775
3460	1	1	1	0:00:00.289693
3480	2	2	1	0:00:00.289561
3500	1	1	1	0:00:00.289992
3520	1	1	1	0:00:00.289650
3540	6	6	1	0:00:00.289502
3560	1	1	1	0:00:00.289496
3580	4	4	1	0:00:00.289893
3600	4	2	0	0:00:00.289398
3620	0	0	1	0:00:00.289859
3640	6	6	1	0:00:00.288514
3660	0	0	1	0:00:00.288281
3680	0	0	1	0:00:00.290157
3700	3	3	1	0:00:00.288458
3720	2	2	1	0:00:00.287554
3740	0	0	1	0:00:00.288204
3760	7	7	1	0:00:00.290740
3780	4	4	1	0:00:00.286717
3800	9	9	1	0:00:00.287240
3820	0	0	1	0:00:00.289589
3840	6	3	0	0:00:00.288522
3860	7	7	1	0:00:00.286077
3880	6	6	1	0:00:00.288519
3900	3	3	1	0:00:00.288037
3920	7	7	1	0:00:00.286866
3940	6	-1	0	0:00:00.287860
3960	2	2	1	0:00:00.289165
3980	9	9	1	0:00:00.288523
4000	8	4	0	0:00:00.286240
4020	8	8	1	0:00:00.287045
4040	0	0	1	0:00:00.287261
4060	6	6	1	0:00:00.285895
4080	1	1	1	0:00:00.286038
4100	7	7	1	0:00:00.288197
4120	4	4	1	0:00:00.287779
4140	5	5	1	0:00:00.287080
4160	5	-1	0	0:00:00.288000
4180	0	8	0	0:00:00.285650
4200	4	4	1	0:00:00.285809
4220	4	0	0	0:00:00.287892
4240	7	7	1	0:00:00.287382
4260	8	8	1	0:00:00.287258
4280	8	0	0	0:00:00.286486
4300	8	8	1	0:00:00.286408
4320	1	-1	0	0:00:00.286126
4340	0	0	1	0:00:00.286709
4360	6	6	1	0:00:00.287739
4380	9	9	1	0:00:00.287291
4400	3	3	1	0:00:00.288116
4420	5	5	1	0:00:00.286984
4440	2	2	1	0:00:00.286767
4460	9	9	1	0:00:00.287667
4480	9	9	1	0:00:00.286895
4500	3	5	0	0:00:00.286375
4520	3	3	1	0:00:00.286073
4540	9	9	1	0:00:00.286258
4560	1	1	1	0:00:00.286314
4580	6	6	1	0:00:00.286913
4600	4	4	1	0:00:00.286417
4620	7	7	1	0:00:00.286331
4640	2	2	1	0:00:00.287732
4660	7	7	1	0:00:00.284712
4680	9	9	1	0:00:00.286973
4700	6	5	0	0:00:00.287646
4720	8	8	1	0:00:00.286041
4740	5	3	0	0:00:00.287707
4760	3	2	0	0:00:00.285148
4780	0	0	1	0:00:00.286628
4800	9	9	1	0:00:00.285576
4820	3	3	1	0:00:00.285675
4840	0	0	1	0:00:00.286252
4860	5	5	1	0:00:00.285819
4880	0	8	0	0:00:00.286829
4900	3	3	1	0:00:00.286931
4920	7	7	1	0:00:00.286862
4940	6	6	1	0:00:00.286429
4960	4	4	1	0:00:00.285292
4980	1	9	0	0:00:00.286268
5000	7	7	1	0:00:00.286275
5020	8	8	1	0:00:00.287202
5040	3	3	1	0:00:00.285538
5060	6	6	1	0:00:00.285937
5080	7	7	1	0:00:00.286377
5100	3	3	1	0:00:00.287436
5120	9	9	1	0:00:00.285065
5140	8	8	1	0:00:00.285258
5160	0	0	1	0:00:00.285152
5180	9	9	1	0:00:00.286097
5200	3	3	1	0:00:00.285961
5220	0	0	1	0:00:00.284005
5240	1	1	1	0:00:00.286129
5260	0	0	1	0:00:00.284872
5280	0	4	0	0:00:00.285539
5300	9	9	1	0:00:00.286813
5320	7	7	1	0:00:00.286288
5340	3	4	0	0:00:00.287510
5360	9	9	1	0:00:00.284731
5380	1	9	0	0:00:00.286550
5400	9	9	1	0:00:00.284715
5420	6	6	1	0:00:00.285801
5440	9	9	1	0:00:00.286350
5460	0	0	1	0:00:00.286162
5480	1	1	1	0:00:00.286800
5500	8	8	1	0:00:00.286417
5520	4	4	1	0:00:00.287189
5540	5	5	1	0:00:00.285573
5560	3	5	0	0:00:00.285775
5580	5	-1	0	0:00:00.285472
5600	6	6	1	0:00:00.286405
5620	3	6	0	0:00:00.285370
5640	2	5	0	0:00:00.286169
5660	9	9	1	0:00:00.285723
5680	2	3	0	0:00:00.287287
5700	3	3	1	0:00:00.286784
5720	9	9	1	0:00:00.286599
5740	6	6	1	0:00:00.286874
5760	2	2	1	0:00:00.285381
5780	7	7	1	0:00:00.286809
5800	2	2	1	0:00:00.285826
5820	5	5	1	0:00:00.287417
5840	2	2	1	0:00:00.288370
5860	0	0	1	0:00:00.285979
5880	0	0	1	0:00:00.286040
5900	4	3	0	0:00:00.286849
5920	8	8	1	0:00:00.287255
5940	7	7	1	0:00:00.286727
5960	2	6	0	0:00:00.288012
5980	9	9	1	0:00:00.287132
6000	8	8	1	0:00:00.285818
6020	6	6	1	0:00:00.288507
6040	2	-1	0	0:00:00.287363
6060	3	4	0	0:00:00.286494
6080	1	1	1	0:00:00.286236
6100	1	1	1	0:00:00.287114
6120	5	5	1	0:00:00.287670
6140	9	9	1	0:00:00.286906
6160	2	-1	0	0:00:00.286297
6180	0	0	1	0:00:00.288665
6200	3	3	1	0:00:00.287023
6220	2	-1	0	0:00:00.287863
6240	2	2	1	0:00:00.288232
6260	2	2	1	0:00:00.287595
6280	8	-1	0	0:00:00.286088
6300	1	1	1	0:00:00.286405
6320	0	0	1	0:00:00.288612
6340	3	3	1	0:00:00.287441
6360	2	2	1	0:00:00.287487
6380	3	6	0	0:00:00.287475
6400	0	0	1	0:00:00.287274
6420	7	7	1	0:00:00.287419
6440	3	3	1	0:00:00.287387
6460	3	3	1	0:00:00.288138
6480	0	0	1	0:00:00.287954
6500	7	-1	0	0:00:00.285703
6520	6	6	1	0:00:00.286268
6540	8	8	1	0:00:00.288123
6560	6	6	1	0:00:00.289062
6580	1	1	1	0:00:00.288016
6600	7	7	1	0:00:00.288690
6620	7	7	1	0:00:00.288723
6640	5	3	0	0:00:00.286882
6660	0	0	1	0:00:00.287479
6680	3	5	0	0:00:00.288736
6700	6	6	1	0:00:00.287679
6720	2	2	1	0:00:00.287921
6740	2	2	1	0:00:00.289417
6760	5	5	1	0:00:00.287503
6780	7	7	1	0:00:00.287421
6800	6	-1	0	0:00:00.289057
6820	1	1	1	0:00:00.289944
6840	9	9	1	0:00:00.287853
6860	0	0	1	0:00:00.288821
6880	2	2	1	0:00:00.289965
6900	3	3	1	0:00:00.288655
6920	5	4	0	0:00:00.287623
6940	1	1	1	0:00:00.288446
6960	9	9	1	0:00:00.294435
6980	0	0	1	0:00:00.290070
7000	2	0	0	0:00:00.296592
7020	7	7	1	0:00:00.292770
7040	7	-1	0	0:00:00.290797
7060	8	8	1	0:00:00.290430
7080	5	4	0	0:00:00.301950
7100	9	3	0	0:00:00.288246
7120	7	7	1	0:00:00.288247
7140	4	4	1	0:00:00.289101
7160	5	5	1	0:00:00.287973
7180	6	6	1	0:00:00.287859
7200	4	4	1	0:00:00.290445
7220	9	9	1	0:00:00.289410
7240	0	0	1	0:00:00.287235
7260	1	1	1	0:00:00.289069
7280	1	1	1	0:00:00.289558
7300	3	-1	0	0:00:00.289501
7320	8	0	0	0:00:00.288092
7340	2	2	1	0:00:00.289618
7360	2	2	1	0:00:00.288384
7380	7	7	1	0:00:00.289229
7400	3	5	0	0:00:00.289375
7420	3	4	0	0:00:00.289068
7440	3	3	1	0:00:00.289001
7460	5	5	1	0:00:00.289360
7480	1	1	1	0:00:00.288719
7500	6	6	1	0:00:00.288453
7520	4	4	1	0:00:00.289435
7540	5	5	1	0:00:00.290445
7560	0	0	1	0:00:00.289254
7580	8	8	1	0:00:00.289538
7600	8	2	0	0:00:00.288750
7620	5	3	0	0:00:00.288716
7640	9	9	1	0:00:00.290551
7660	7	7	1	0:00:00.291436
7680	3	5	0	0:00:00.287872
7700	6	6	1	0:00:00.289808
7720	5	2	0	0:00:00.290870
7740	4	4	1	0:00:00.289487
7760	2	0	0	0:00:00.288760
7780	3	8	0	0:00:00.291777
7800	0	0	1	0:00:00.288659
7820	5	5	1	0:00:00.287394
7840	1	1	1	0:00:00.291568
7860	8	8	1	0:00:00.289558
7880	0	0	1	0:00:00.288989
7900	0	-1	0	0:00:00.288632
7920	9	9	1	0:00:00.289898
7940	2	2	1	0:00:00.288858
7960	0	0	1	0:00:00.289004
7980	3	3	1	0:00:00.290264
8000	9	9	1	0:00:00.290035
8020	6	-1	0	0:00:00.288623
8040	2	2	1	0:00:00.289046
8060	6	6	1	0:00:00.289000
8080	4	4	1	0:00:00.289428
8100	6	2	0	0:00:00.289868
8120	8	8	1	0:00:00.288442
8140	5	7	0	0:00:00.290645
8160	6	6	1	0:00:00.288336
8180	4	4	1	0:00:00.289853
8200	3	6	0	0:00:00.289961
8220	6	5	0	0:00:00.288770
8240	7	7	1	0:00:00.290754
8260	1	1	1	0:00:00.291373
8280	4	4	1	0:00:00.290322
8300	5	-1	0	0:00:00.287848
8320	7	7	1	0:00:00.289977
8340	5	5	1	0:00:00.288979
8360	7	7	1	0:00:00.290451
8380	9	9	1	0:00:00.290341
8400	0	0	1	0:00:00.288462
8420	3	6	0	0:00:00.289035
8440	5	5	1	0:00:00.289734
8460	8	8	1	0:00:00.289358
8480	2	2	1	0:00:00.289718
8500	4	4	1	0:00:00.290724
8520	8	8	1	0:00:00.290130
8540	4	-1	0	0:00:00.289921
8560	7	7	1	0:00:00.290455
8580	3	5	0	0:00:00.290222
8600	3	-1	0	0:00:00.289809
8620	3	-1	0	0:00:00.288804
8640	1	1	1	0:00:00.289237
8660	7	7	1	0:00:00.290239
8680	3	3	1	0:00:00.289718
8700	3	3	1	0:00:00.289028
8720	2	0	0	0:00:00.288833
8740	2	2	1	0:00:00.291164
8760	8	8	1	0:00:00.287607
8780	4	4	1	0:00:00.288257
8800	0	0	1	0:00:00.289163
8820	2	2	1	0:00:00.287836
8840	2	2	1	0:00:00.290593
8860	2	2	1	0:00:00.289497
8880	1	1	1	0:00:00.290118
8900	2	4	0	0:00:00.288673
8920	6	6	1	0:00:00.291267
8940	6	3	0	0:00:00.289640
8960	0	0	1	0:00:00.289077
8980	9	9	1	0:00:00.290996
9000	8	8	1	0:00:00.289159
9020	7	7	1	0:00:00.291293
9040	2	5	0	0:00:00.289951
9060	9	9	1	0:00:00.289832
9080	3	3	1	0:00:00.290357
9100	9	1	0	0:00:00.288456
9120	3	-1	0	0:00:00.289705
9140	7	7	1	0:00:00.289084
9160	5	3	0	0:00:00.290708
9180	5	5	1	0:00:00.289045
9200	8	8	1	0:00:00.288056
9220	8	8	1	0:00:00.290061
9240	8	8	1	0:00:00.289328
9260	5	5	1	0:00:00.288537
9280	9	8	0	0:00:00.288618
9300	5	5	1	0:00:00.290649
9320	9	9	1	0:00:00.288414
9340	1	1	1	0:00:00.289231
9360	5	0	0	0:00:00.289625
9380	5	3	0	0:00:00.289062
9400	6	6	1	0:00:00.288321
9420	5	5	1	0:00:00.289426
9440	8	8	1	0:00:00.289997
9460	3	3	1	0:00:00.289247
9480	2	2	1	0:00:00.289706
9500	9	9	1	0:00:00.290169
9520	1	1	1	0:00:00.289288
9540	5	5	1	0:00:00.287317
9560	9	7	0	0:00:00.290223
9580	1	1	1	0:00:00.288072
9600	8	8	1	0:00:00.288172
9620	4	4	1	0:00:00.288621
9640	5	5	1	0:00:00.290144
9660	6	6	1	0:00:00.287972
9680	8	8	1	0:00:00.291860
9700	0	0	1	0:00:00.289382
9720	8	-1	0	0:00:00.288110
9740	3	6	0	0:00:00.288692
9760	9	9	1	0:00:00.289739
9780	4	4	1	0:00:00.289788
9800	1	1	1	0:00:00.286619
9820	0	8	0	0:00:00.288958
9840	4	7	0	0:00:00.290287
9860	0	0	1	0:00:00.286463
9880	7	7	1	0:00:00.289132
9900	8	8	1	0:00:00.289479
9920	6	6	1	0:00:00.290570
9940	4	4	1	0:00:00.285740
9960	2	0	0	0:00:00.287583
9980	0	0	1	0:00:00.289909
